Measurement	Well	Group	Time	OCR	ECAR	PER
1	A01	Background	0.78	0.00	0.00	0.00
1	A02	Unassigned	0.78	-94.49	29.54	0.00
1	A03	Unassigned	0.78	-44.62	-41.73	0.00
1	A04	Unassigned	0.78	22.68	-49.31	0.00
1	A05	Unassigned	0.78	88.93	-39.92	0.00
1	A06	Unassigned	0.78	6.02	9.84	0.00
1	A07	Unassigned	0.78	-4.97	66.44	0.00
1	A08	Unassigned	0.78	-13.62	-68.65	0.00
1	A09	Unassigned	0.78	-9.78	-60.02	0.00
1	A10	Unassigned	0.78	-6.65	-71.89	0.00
1	A11	Unassigned	0.78	-13.02	-49.43	0.00
1	A12	Background	0.78	0.00	0.00	0.00
1	B01	Unassigned	0.78	-1.06	-1.76	0.00
1	B07	1.1216-w1.Colon.WT.10-12m	0.78	92.97	12.36	0.00
1	B08	1.1216-w1.Colon.WT.10-12m	0.78	149.77	18.20	0.00
1	B09	1.1216-w1.Colon.WT.10-12m	0.78	138.65	23.91	0.00
1	B10	1.1216-w1.Colon.WT.10-12m	0.78	182.68	19.61	0.00
1	B11	1.1216-w1.Colon.WT.10-12m	0.78	36.49	5.57	0.00
1	B12	Unassigned	0.78	-1.02	0.65	0.00
1	C01	Unassigned	0.78	-0.28	0.16	0.00
1	C07	1.1216-a1.Colon.ASO.10-12m	0.78	624.86	69.18	0.00
1	C08	1.1216-a1.Colon.ASO.10-12m	0.78	628.48	66.64	0.00
1	C09	1.1216-a1.Colon.ASO.10-12m	0.78	576.61	77.10	0.00
1	C10	1.1216-a1.Colon.ASO.10-12m	0.78	323.93	55.55	0.00
1	C11	1.1216-a1.Colon.ASO.10-12m	0.78	305.34	53.69	0.00
1	C12	Unassigned	0.78	-11.15	-3.60	0.00
1	D01	Unassigned	0.78	0.42	-0.78	0.00
1	D07	2.1216-w2.Colon.WT.10-12m	0.78	103.34	16.94	0.00
1	D08	2.1216-w2.Colon.WT.10-12m	0.78	98.84	12.09	0.00
1	D09	2.1216-w2.Colon.WT.10-12m	0.78	102.63	11.89	0.00
1	D10	2.1216-w2.Colon.WT.10-12m	0.78	121.66	22.97	0.00
1	D11	2.1216-w2.Colon.WT.10-12m	0.78	79.85	12.76	0.00
1	D12	Unassigned	0.78	-4.07	-2.30	0.00
1	E01	Unassigned	0.78	0.25	-2.19	0.00
1	E07	3.1216-w3.Colon.WT.10-12m	0.78	262.23	36.31	0.00
1	E08	3.1216-w3.Colon.WT.10-12m	0.78	212.49	36.69	0.00
1	E09	3.1216-w3.Colon.WT.10-12m	0.78	204.30	30.70	0.00
1	E10	3.1216-w3.Colon.WT.10-12m	0.78	186.70	32.16	0.00
1	E11	3.1216-w3.Colon.WT.10-12m	0.78	119.90	24.21	0.00
1	E12	Unassigned	0.78	-0.88	-0.32	0.00
1	F01	Unassigned	0.78	0.33	-1.97	0.00
1	F07	4.1216-w4.Colon.WT.10-12m	0.78	498.64	64.22	0.00
1	F08	4.1216-w4.Colon.WT.10-12m	0.78	527.91	60.96	0.00
1	F09	4.1216-w4.Colon.WT.10-12m	0.78	409.64	79.76	0.00
1	F10	4.1216-w4.Colon.WT.10-12m	0.78	426.75	55.97	0.00
1	F11	4.1216-w4.Colon.WT.10-12m	0.78	291.13	42.34	0.00
1	F12	Unassigned	0.78	2.32	1.03	0.00
1	G01	Unassigned	0.78	0.45	0.94	0.00
1	G07	2.1216-a2.Colon.ASO.10-12m	0.78	75.08	10.82	0.00
1	G08	2.1216-a2.Colon.ASO.10-12m	0.78	59.84	5.06	0.00
1	G09	2.1216-a2.Colon.ASO.10-12m	0.78	74.54	10.37	0.00
1	G10	2.1216-a2.Colon.ASO.10-12m	0.78	95.12	14.43	0.00
1	G11	2.1216-a2.Colon.ASO.10-12m	0.78	28.40	0.24	0.00
1	G12	Unassigned	0.78	-7.50	1.50	0.00
1	H01	Background	0.78	0.00	0.00	0.00
1	H02	Unassigned	0.78	-18.17	-70.97	0.00
1	H03	Unassigned	0.78	-13.81	-27.04	0.00
1	H04	Unassigned	0.78	-15.50	-65.63	0.00
1	H05	Unassigned	0.78	-14.39	-36.88	0.00
1	H06	Unassigned	0.78	11.59	-35.00	0.00
1	H07	Unassigned	0.78	37.96	20.44	0.00
1	H08	Unassigned	0.78	23.48	-0.78	0.00
1	H09	Unassigned	0.78	69.10	-39.23	0.00
1	H10	Unassigned	0.78	69.46	59.37	0.00
1	H11	Unassigned	0.78	-8.26	-30.41	0.00
1	H12	Background	0.78	-15.20	-6.77	0.00
2	A01	Background	4.85	0.00	0.00	0.00
2	A02	Unassigned	4.85	2.87	8.14	0.00
2	A03	Unassigned	4.85	-19.10	-8.84	0.00
2	A04	Unassigned	4.85	48.22	-2.03	0.00
2	A05	Unassigned	4.85	30.95	1.06	0.00
2	A06	Unassigned	4.85	5.04	-28.44	0.00
2	A07	Unassigned	4.85	19.21	-29.49	0.00
2	A08	Unassigned	4.85	5.85	-9.42	0.00
2	A09	Unassigned	4.85	53.44	-2.29	0.00
2	A10	Unassigned	4.85	-0.57	-15.88	0.00
2	A11	Unassigned	4.85	-6.72	-9.01	0.00
2	A12	Background	4.85	0.00	0.00	0.00
2	B01	Unassigned	4.85	-1.50	-0.14	0.00
2	B07	1.1216-w1.Colon.WT.10-12m	4.85	88.79	16.32	0.00
2	B08	1.1216-w1.Colon.WT.10-12m	4.85	139.21	18.63	0.00
2	B09	1.1216-w1.Colon.WT.10-12m	4.85	130.53	22.93	0.00
2	B10	1.1216-w1.Colon.WT.10-12m	4.85	161.33	16.61	0.00
2	B11	1.1216-w1.Colon.WT.10-12m	4.85	28.82	6.43	0.00
2	B12	Unassigned	4.85	-1.11	0.79	0.00
2	C01	Unassigned	4.85	-2.76	0.77	0.00
2	C07	1.1216-a1.Colon.ASO.10-12m	4.85	621.73	64.46	0.00
2	C08	1.1216-a1.Colon.ASO.10-12m	4.85	579.08	59.00	0.00
2	C09	1.1216-a1.Colon.ASO.10-12m	4.85	487.46	71.13	0.00
2	C10	1.1216-a1.Colon.ASO.10-12m	4.85	332.89	46.75	0.00
2	C11	1.1216-a1.Colon.ASO.10-12m	4.85	298.10	42.73	0.00
2	C12	Unassigned	4.85	-7.43	1.18	0.00
2	D01	Unassigned	4.85	-1.98	-0.11	0.00
2	D07	2.1216-w2.Colon.WT.10-12m	4.85	83.38	12.92	0.00
2	D08	2.1216-w2.Colon.WT.10-12m	4.85	79.04	11.14	0.00
2	D09	2.1216-w2.Colon.WT.10-12m	4.85	83.58	10.62	0.00
2	D10	2.1216-w2.Colon.WT.10-12m	4.85	107.31	19.41	0.00
2	D11	2.1216-w2.Colon.WT.10-12m	4.85	67.69	10.24	0.00
2	D12	Unassigned	4.85	-3.08	0.60	0.00
2	E01	Unassigned	4.85	-0.35	-0.61	0.00
2	E07	3.1216-w3.Colon.WT.10-12m	4.85	259.37	33.04	0.00
2	E08	3.1216-w3.Colon.WT.10-12m	4.85	207.42	35.90	0.00
2	E09	3.1216-w3.Colon.WT.10-12m	4.85	206.78	30.32	0.00
2	E10	3.1216-w3.Colon.WT.10-12m	4.85	186.59	30.75	0.00
2	E11	3.1216-w3.Colon.WT.10-12m	4.85	121.67	20.02	0.00
2	E12	Unassigned	4.85	-1.18	0.41	0.00
2	F01	Unassigned	4.85	-2.46	-1.18	0.00
2	F07	4.1216-w4.Colon.WT.10-12m	4.85	441.40	50.83	0.00
2	F08	4.1216-w4.Colon.WT.10-12m	4.85	482.41	57.52	0.00
2	F09	4.1216-w4.Colon.WT.10-12m	4.85	368.95	61.16	0.00
2	F10	4.1216-w4.Colon.WT.10-12m	4.85	398.93	49.91	0.00
2	F11	4.1216-w4.Colon.WT.10-12m	4.85	210.47	34.02	0.00
2	F12	Unassigned	4.85	1.54	1.46	0.00
2	G01	Unassigned	4.85	-1.83	1.42	0.00
2	G07	2.1216-a2.Colon.ASO.10-12m	4.85	64.69	11.75	0.00
2	G08	2.1216-a2.Colon.ASO.10-12m	4.85	55.02	5.91	0.00
2	G09	2.1216-a2.Colon.ASO.10-12m	4.85	70.71	8.91	0.00
2	G10	2.1216-a2.Colon.ASO.10-12m	4.85	88.45	15.05	0.00
2	G11	2.1216-a2.Colon.ASO.10-12m	4.85	24.02	6.14	0.00
2	G12	Unassigned	4.85	-11.35	2.37	0.00
2	H01	Background	4.85	0.00	0.00	0.00
2	H02	Unassigned	4.85	-9.78	-9.97	0.00
2	H03	Unassigned	4.85	-8.14	-0.57	0.00
2	H04	Unassigned	4.85	38.46	-7.79	0.00
2	H05	Unassigned	4.85	58.56	16.38	0.00
2	H06	Unassigned	4.85	52.17	-9.02	0.00
2	H07	Unassigned	4.85	25.77	5.12	0.00
2	H08	Unassigned	4.85	-21.58	-22.98	0.00
2	H09	Unassigned	4.85	31.89	-15.22	0.00
2	H10	Unassigned	4.85	-16.20	-23.58	0.00
2	H11	Unassigned	4.85	-7.14	-0.83	0.00
2	H12	Background	4.85	-9.91	-0.73	0.00
3	A01	Background	8.92	0.00	0.00	0.00
3	A02	Unassigned	8.92	-37.32	-0.79	0.00
3	A03	Unassigned	8.92	2.92	0.52	0.00
3	A04	Unassigned	8.92	30.17	-1.72	0.00
3	A05	Unassigned	8.92	42.87	-3.09	0.00
3	A06	Unassigned	8.92	6.85	-9.58	0.00
3	A07	Unassigned	8.92	23.93	-11.66	0.00
3	A08	Unassigned	8.92	80.31	1.99	0.00
3	A09	Unassigned	8.92	46.62	-3.57	0.00
3	A10	Unassigned	8.92	1.72	-6.27	0.00
3	A11	Unassigned	8.92	-2.42	-2.61	0.00
3	A12	Background	8.92	0.00	0.00	0.00
3	B01	Unassigned	8.92	-2.30	0.24	0.00
3	B07	1.1216-w1.Colon.WT.10-12m	8.92	83.80	15.06	0.00
3	B08	1.1216-w1.Colon.WT.10-12m	8.92	133.32	16.91	0.00
3	B09	1.1216-w1.Colon.WT.10-12m	8.92	121.73	21.21	0.00
3	B10	1.1216-w1.Colon.WT.10-12m	8.92	145.20	14.34	0.00
3	B11	1.1216-w1.Colon.WT.10-12m	8.92	24.82	6.10	0.00
3	B12	Unassigned	8.92	-2.45	0.07	0.00
3	C01	Unassigned	8.92	-2.23	-0.53	0.00
3	C07	1.1216-a1.Colon.ASO.10-12m	8.92	565.47	62.52	0.00
3	C08	1.1216-a1.Colon.ASO.10-12m	8.92	542.37	59.56	0.00
3	C09	1.1216-a1.Colon.ASO.10-12m	8.92	412.78	71.76	0.00
3	C10	1.1216-a1.Colon.ASO.10-12m	8.92	324.76	46.98	0.00
3	C11	1.1216-a1.Colon.ASO.10-12m	8.92	280.71	37.73	0.00
3	C12	Unassigned	8.92	-0.50	0.38	0.00
3	D01	Unassigned	8.92	0.27	-0.19	0.00
3	D07	2.1216-w2.Colon.WT.10-12m	8.92	69.94	11.30	0.00
3	D08	2.1216-w2.Colon.WT.10-12m	8.92	69.74	9.25	0.00
3	D09	2.1216-w2.Colon.WT.10-12m	8.92	71.97	7.14	0.00
3	D10	2.1216-w2.Colon.WT.10-12m	8.92	96.91	17.88	0.00
3	D11	2.1216-w2.Colon.WT.10-12m	8.92	61.13	8.33	0.00
3	D12	Unassigned	8.92	-1.73	0.05	0.00
3	E01	Unassigned	8.92	-2.14	-0.26	0.00
3	E07	3.1216-w3.Colon.WT.10-12m	8.92	249.83	30.32	0.00
3	E08	3.1216-w3.Colon.WT.10-12m	8.92	197.91	34.32	0.00
3	E09	3.1216-w3.Colon.WT.10-12m	8.92	197.18	31.14	0.00
3	E10	3.1216-w3.Colon.WT.10-12m	8.92	183.90	28.33	0.00
3	E11	3.1216-w3.Colon.WT.10-12m	8.92	117.21	17.53	0.00
3	E12	Unassigned	8.92	-0.91	1.38	0.00
3	F01	Unassigned	8.92	0.09	-0.29	0.00
3	F07	4.1216-w4.Colon.WT.10-12m	8.92	355.06	42.41	0.00
3	F08	4.1216-w4.Colon.WT.10-12m	8.92	427.10	53.81	0.00
3	F09	4.1216-w4.Colon.WT.10-12m	8.92	390.72	55.99	0.00
3	F10	4.1216-w4.Colon.WT.10-12m	8.92	375.96	42.37	0.00
3	F11	4.1216-w4.Colon.WT.10-12m	8.92	173.74	23.92	0.00
3	F12	Unassigned	8.92	0.70	1.00	0.00
3	G01	Unassigned	8.92	-0.16	1.30	0.00
3	G07	2.1216-a2.Colon.ASO.10-12m	8.92	61.64	10.81	0.00
3	G08	2.1216-a2.Colon.ASO.10-12m	8.92	53.90	6.32	0.00
3	G09	2.1216-a2.Colon.ASO.10-12m	8.92	62.60	8.05	0.00
3	G10	2.1216-a2.Colon.ASO.10-12m	8.92	80.74	11.94	0.00
3	G11	2.1216-a2.Colon.ASO.10-12m	8.92	22.28	5.84	0.00
3	G12	Unassigned	8.92	-6.54	1.69	0.00
3	H01	Background	8.92	0.00	0.00	0.00
3	H02	Unassigned	8.92	73.61	2.99	0.00
3	H03	Unassigned	8.92	155.13	11.42	0.00
3	H04	Unassigned	8.92	30.52	9.98	0.00
3	H05	Unassigned	8.92	43.43	6.78	0.00
3	H06	Unassigned	8.92	-3.26	-0.85	0.00
3	H07	Unassigned	8.92	-53.45	-5.64	0.00
3	H08	Unassigned	8.92	3.18	4.68	0.00
3	H09	Unassigned	8.92	-3.83	4.67	0.00
3	H10	Unassigned	8.92	36.00	-4.82	0.00
3	H11	Unassigned	8.92	-3.83	0.79	0.00
3	H12	Background	8.92	-6.15	-0.84	0.00
4	A01	Background	13.12	0.00	0.00	0.00
4	A02	Unassigned	13.12	-30.42	-8.62	0.00
4	A03	Unassigned	13.12	89.82	10.38	0.00
4	A04	Unassigned	13.12	18.39	5.39	0.00
4	A05	Unassigned	13.12	-33.87	6.82	0.00
4	A06	Unassigned	13.12	50.35	-0.71	0.00
4	A07	Unassigned	13.12	83.97	6.58	0.00
4	A08	Unassigned	13.12	89.05	7.32	0.00
4	A09	Unassigned	13.12	86.28	8.07	0.00
4	A10	Unassigned	13.12	-4.36	1.24	0.00
4	A11	Unassigned	13.12	-2.41	3.41	0.00
4	A12	Background	13.12	0.00	0.00	0.00
4	B01	Unassigned	13.12	-0.99	0.86	0.00
4	B07	1.1216-w1.Colon.WT.10-12m	13.12	50.75	12.76	0.00
4	B08	1.1216-w1.Colon.WT.10-12m	13.12	84.17	18.95	0.00
4	B09	1.1216-w1.Colon.WT.10-12m	13.12	76.85	20.39	0.00
4	B10	1.1216-w1.Colon.WT.10-12m	13.12	80.31	13.88	0.00
4	B11	1.1216-w1.Colon.WT.10-12m	13.12	21.40	1.47	0.00
4	B12	Unassigned	13.12	-2.00	1.41	0.00
4	C01	Unassigned	13.12	-2.29	1.04	0.00
4	C07	1.1216-a1.Colon.ASO.10-12m	13.12	487.48	65.52	0.00
4	C08	1.1216-a1.Colon.ASO.10-12m	13.12	513.85	63.27	0.00
4	C09	1.1216-a1.Colon.ASO.10-12m	13.12	519.25	77.28	0.00
4	C10	1.1216-a1.Colon.ASO.10-12m	13.12	252.42	52.44	0.00
4	C11	1.1216-a1.Colon.ASO.10-12m	13.12	160.92	35.78	0.00
4	C12	Unassigned	13.12	-1.68	1.25	0.00
4	D01	Unassigned	13.12	-2.31	0.03	0.00
4	D07	2.1216-w2.Colon.WT.10-12m	13.12	59.06	9.10	0.00
4	D08	2.1216-w2.Colon.WT.10-12m	13.12	47.60	6.97	0.00
4	D09	2.1216-w2.Colon.WT.10-12m	13.12	30.93	4.42	0.00
4	D10	2.1216-w2.Colon.WT.10-12m	13.12	69.89	13.51	0.00
4	D11	2.1216-w2.Colon.WT.10-12m	13.12	36.81	4.47	0.00
4	D12	Unassigned	13.12	-4.36	0.34	0.00
4	E01	Unassigned	13.12	-3.63	0.47	0.00
4	E07	3.1216-w3.Colon.WT.10-12m	13.12	167.45	31.89	0.00
4	E08	3.1216-w3.Colon.WT.10-12m	13.12	166.45	36.96	0.00
4	E09	3.1216-w3.Colon.WT.10-12m	13.12	135.87	31.38	0.00
4	E10	3.1216-w3.Colon.WT.10-12m	13.12	140.92	27.65	0.00
4	E11	3.1216-w3.Colon.WT.10-12m	13.12	51.93	6.88	0.00
4	E12	Unassigned	13.12	6.13	1.10	0.00
4	F01	Unassigned	13.12	-3.48	0.19	0.00
4	F07	4.1216-w4.Colon.WT.10-12m	13.12	149.36	28.10	0.00
4	F08	4.1216-w4.Colon.WT.10-12m	13.12	375.99	51.05	0.00
4	F09	4.1216-w4.Colon.WT.10-12m	13.12	395.16	56.40	0.00
4	F10	4.1216-w4.Colon.WT.10-12m	13.12	377.79	40.42	0.00
4	F11	4.1216-w4.Colon.WT.10-12m	13.12	76.75	12.36	0.00
4	F12	Unassigned	13.12	0.62	1.01	0.00
4	G01	Unassigned	13.12	-0.83	1.17	0.00
4	G07	2.1216-a2.Colon.ASO.10-12m	13.12	61.59	10.99	0.00
4	G08	2.1216-a2.Colon.ASO.10-12m	13.12	50.99	11.04	0.00
4	G09	2.1216-a2.Colon.ASO.10-12m	13.12	31.65	3.93	0.00
4	G10	2.1216-a2.Colon.ASO.10-12m	13.12	52.57	8.70	0.00
4	G11	2.1216-a2.Colon.ASO.10-12m	13.12	18.07	3.92	0.00
4	G12	Unassigned	13.12	-5.15	2.08	0.00
4	H01	Background	13.12	0.00	0.00	0.00
4	H02	Unassigned	13.12	-22.92	3.49	0.00
4	H03	Unassigned	13.12	106.99	7.84	0.00
4	H04	Unassigned	13.12	-33.60	0.56	0.00
4	H05	Unassigned	13.12	-5.83	-2.64	0.00
4	H06	Unassigned	13.12	-28.11	3.53	0.00
4	H07	Unassigned	13.12	116.42	11.04	0.00
4	H08	Unassigned	13.12	-14.61	1.57	0.00
4	H09	Unassigned	13.12	47.49	8.09	0.00
4	H10	Unassigned	13.12	97.02	10.53	0.00
4	H11	Unassigned	13.12	-3.22	0.90	0.00
4	H12	Background	13.12	-8.03	0.45	0.00
5	A01	Background	17.18	0.00	0.00	0.00
5	A02	Unassigned	17.18	-14.39	-0.49	0.00
5	A03	Unassigned	17.18	26.69	3.11	0.00
5	A04	Unassigned	17.18	34.64	5.24	0.00
5	A05	Unassigned	17.18	89.52	8.60	0.00
5	A06	Unassigned	17.18	-5.73	0.09	0.00
5	A07	Unassigned	17.18	63.66	7.01	0.00
5	A08	Unassigned	17.18	67.46	7.33	0.00
5	A09	Unassigned	17.18	68.18	6.06	0.00
5	A10	Unassigned	17.18	-3.54	-0.29	0.00
5	A11	Unassigned	17.18	-5.22	0.39	0.00
5	A12	Background	17.18	0.00	0.00	0.00
5	B01	Unassigned	17.18	0.53	0.69	0.00
5	B07	1.1216-w1.Colon.WT.10-12m	17.18	43.13	12.12	0.00
5	B08	1.1216-w1.Colon.WT.10-12m	17.18	63.98	11.81	0.00
5	B09	1.1216-w1.Colon.WT.10-12m	17.18	67.90	17.34	0.00
5	B10	1.1216-w1.Colon.WT.10-12m	17.18	78.57	13.26	0.00
5	B11	1.1216-w1.Colon.WT.10-12m	17.18	18.65	2.54	0.00
5	B12	Unassigned	17.18	-2.39	0.60	0.00
5	C01	Unassigned	17.18	-3.77	-0.35	0.00
5	C07	1.1216-a1.Colon.ASO.10-12m	17.18	395.03	65.78	0.00
5	C08	1.1216-a1.Colon.ASO.10-12m	17.18	414.39	63.84	0.00
5	C09	1.1216-a1.Colon.ASO.10-12m	17.18	514.01	77.82	0.00
5	C10	1.1216-a1.Colon.ASO.10-12m	17.18	202.67	54.69	0.00
5	C11	1.1216-a1.Colon.ASO.10-12m	17.18	140.13	37.17	0.00
5	C12	Unassigned	17.18	-2.57	0.40	0.00
5	D01	Unassigned	17.18	-3.65	0.25	0.00
5	D07	2.1216-w2.Colon.WT.10-12m	17.18	54.29	9.51	0.00
5	D08	2.1216-w2.Colon.WT.10-12m	17.18	38.42	5.67	0.00
5	D09	2.1216-w2.Colon.WT.10-12m	17.18	30.12	4.76	0.00
5	D10	2.1216-w2.Colon.WT.10-12m	17.18	52.00	10.13	0.00
5	D11	2.1216-w2.Colon.WT.10-12m	17.18	32.27	4.36	0.00
5	D12	Unassigned	17.18	-3.13	0.29	0.00
5	E01	Unassigned	17.18	-5.10	0.29	0.00
5	E07	3.1216-w3.Colon.WT.10-12m	17.18	138.45	28.81	0.00
5	E08	3.1216-w3.Colon.WT.10-12m	17.18	135.95	35.91	0.00
5	E09	3.1216-w3.Colon.WT.10-12m	17.18	115.13	29.16	0.00
5	E10	3.1216-w3.Colon.WT.10-12m	17.18	115.17	28.05	0.00
5	E11	3.1216-w3.Colon.WT.10-12m	17.18	49.61	7.22	0.00
5	E12	Unassigned	17.18	8.56	0.84	0.00
5	F01	Unassigned	17.18	-4.93	0.61	0.00
5	F07	4.1216-w4.Colon.WT.10-12m	17.18	131.64	26.04	0.00
5	F08	4.1216-w4.Colon.WT.10-12m	17.18	322.06	47.52	0.00
5	F09	4.1216-w4.Colon.WT.10-12m	17.18	347.22	51.32	0.00
5	F10	4.1216-w4.Colon.WT.10-12m	17.18	350.73	39.14	0.00
5	F11	4.1216-w4.Colon.WT.10-12m	17.18	72.43	12.60	0.00
5	F12	Unassigned	17.18	-2.41	1.34	0.00
5	G01	Unassigned	17.18	-3.10	0.56	0.00
5	G07	2.1216-a2.Colon.ASO.10-12m	17.18	53.61	9.90	0.00
5	G08	2.1216-a2.Colon.ASO.10-12m	17.18	43.28	11.83	0.00
5	G09	2.1216-a2.Colon.ASO.10-12m	17.18	30.85	5.88	0.00
5	G10	2.1216-a2.Colon.ASO.10-12m	17.18	45.62	8.43	0.00
5	G11	2.1216-a2.Colon.ASO.10-12m	17.18	12.93	3.49	0.00
5	G12	Unassigned	17.18	-7.28	0.71	0.00
5	H01	Background	17.18	0.00	0.00	0.00
5	H02	Unassigned	17.18	-13.79	0.41	0.00
5	H03	Unassigned	17.18	-56.45	4.18	0.00
5	H04	Unassigned	17.18	-16.64	0.32	0.00
5	H05	Unassigned	17.18	-12.92	0.56	0.00
5	H06	Unassigned	17.18	-14.35	0.60	0.00
5	H07	Unassigned	17.18	-1.28	-0.08	0.00
5	H08	Unassigned	17.18	-9.39	0.66	0.00
5	H09	Unassigned	17.18	-53.18	1.03	0.00
5	H10	Unassigned	17.18	-54.73	-0.87	0.00
5	H11	Unassigned	17.18	-4.99	0.45	0.00
5	H12	Background	17.18	-11.94	-0.81	0.00
6	A01	Background	22.23	0.00	0.00	0.00
6	A02	Unassigned	22.23	88.50	2.08	0.00
6	A03	Unassigned	22.23	-12.71	-2.52	0.00
6	A04	Unassigned	22.23	64.67	4.70	0.00
6	A05	Unassigned	22.23	22.88	5.29	0.00
6	A06	Unassigned	22.23	3.19	-1.92	0.00
6	A07	Unassigned	22.23	55.57	4.74	0.00
6	A08	Unassigned	22.23	57.34	4.26	0.00
6	A09	Unassigned	22.23	58.34	5.36	0.00
6	A10	Unassigned	22.23	-1.12	-1.21	0.00
6	A11	Unassigned	22.23	-2.70	0.05	0.00
6	A12	Background	22.23	0.00	0.00	0.00
6	B01	Unassigned	22.23	2.20	-0.38	0.00
6	B07	1.1216-w1.Colon.WT.10-12m	22.23	43.67	10.72	0.00
6	B08	1.1216-w1.Colon.WT.10-12m	22.23	63.65	9.94	0.00
6	B09	1.1216-w1.Colon.WT.10-12m	22.23	67.27	16.56	0.00
6	B10	1.1216-w1.Colon.WT.10-12m	22.23	79.25	12.17	0.00
6	B11	1.1216-w1.Colon.WT.10-12m	22.23	19.62	1.93	0.00
6	B12	Unassigned	22.23	-0.24	0.83	0.00
6	C01	Unassigned	22.23	-5.15	0.14	0.00
6	C07	1.1216-a1.Colon.ASO.10-12m	22.23	343.27	61.86	0.00
6	C08	1.1216-a1.Colon.ASO.10-12m	22.23	353.58	65.90	0.00
6	C09	1.1216-a1.Colon.ASO.10-12m	22.23	458.25	77.42	0.00
6	C10	1.1216-a1.Colon.ASO.10-12m	22.23	185.04	55.23	0.00
6	C11	1.1216-a1.Colon.ASO.10-12m	22.23	140.87	38.26	0.00
6	C12	Unassigned	22.23	-3.02	0.74	0.00
6	D01	Unassigned	22.23	-3.78	0.41	0.00
6	D07	2.1216-w2.Colon.WT.10-12m	22.23	53.28	9.18	0.00
6	D08	2.1216-w2.Colon.WT.10-12m	22.23	34.82	4.91	0.00
6	D09	2.1216-w2.Colon.WT.10-12m	22.23	29.74	3.39	0.00
6	D10	2.1216-w2.Colon.WT.10-12m	22.23	43.11	7.42	0.00
6	D11	2.1216-w2.Colon.WT.10-12m	22.23	31.54	3.29	0.00
6	D12	Unassigned	22.23	-5.37	0.33	0.00
6	E01	Unassigned	22.23	-6.24	0.46	0.00
6	E07	3.1216-w3.Colon.WT.10-12m	22.23	133.83	27.91	0.00
6	E08	3.1216-w3.Colon.WT.10-12m	22.23	123.18	33.54	0.00
6	E09	3.1216-w3.Colon.WT.10-12m	22.23	116.31	30.06	0.00
6	E10	3.1216-w3.Colon.WT.10-12m	22.23	113.86	26.20	0.00
6	E11	3.1216-w3.Colon.WT.10-12m	22.23	56.25	9.63	0.00
6	E12	Unassigned	22.23	10.10	0.33	0.00
6	F01	Unassigned	22.23	-6.06	0.73	0.00
6	F07	4.1216-w4.Colon.WT.10-12m	22.23	159.66	28.18	0.00
6	F08	4.1216-w4.Colon.WT.10-12m	22.23	288.73	45.59	0.00
6	F09	4.1216-w4.Colon.WT.10-12m	22.23	278.38	48.63	0.00
6	F10	4.1216-w4.Colon.WT.10-12m	22.23	321.66	38.76	0.00
6	F11	4.1216-w4.Colon.WT.10-12m	22.23	78.11	13.47	0.00
6	F12	Unassigned	22.23	-1.51	1.02	0.00
6	G01	Unassigned	22.23	-4.66	0.02	0.00
6	G07	2.1216-a2.Colon.ASO.10-12m	22.23	48.51	9.71	0.00
6	G08	2.1216-a2.Colon.ASO.10-12m	22.23	44.55	10.03	0.00
6	G09	2.1216-a2.Colon.ASO.10-12m	22.23	29.87	5.84	0.00
6	G10	2.1216-a2.Colon.ASO.10-12m	22.23	41.17	7.40	0.00
6	G11	2.1216-a2.Colon.ASO.10-12m	22.23	14.46	3.40	0.00
6	G12	Unassigned	22.23	-5.49	0.89	0.00
6	H01	Background	22.23	0.00	0.00	0.00
6	H02	Unassigned	22.23	-7.14	-0.47	0.00
6	H03	Unassigned	22.23	-24.66	0.67	0.00
6	H04	Unassigned	22.23	-10.86	-0.46	0.00
6	H05	Unassigned	22.23	-6.91	0.60	0.00
6	H06	Unassigned	22.23	-7.02	0.45	0.00
6	H07	Unassigned	22.23	96.83	6.41	0.00
6	H08	Unassigned	22.23	-4.89	-1.12	0.00
6	H09	Unassigned	22.23	-22.01	-0.12	0.00
6	H10	Unassigned	22.23	95.22	1.64	0.00
6	H11	Unassigned	22.23	-3.42	1.21	0.00
6	H12	Background	22.23	-7.29	0.41	0.00
7	A01	Background	27.28	0.00	0.00	0.00
7	A02	Unassigned	27.28	-25.38	-1.11	0.00
7	A03	Unassigned	27.28	-11.27	-1.50	0.00
7	A04	Unassigned	27.28	19.04	1.06	0.00
7	A05	Unassigned	27.28	-204.16	-8.38	0.00
7	A06	Unassigned	27.28	113.07	6.19	0.00
7	A07	Unassigned	27.28	51.71	4.34	0.00
7	A08	Unassigned	27.28	53.13	0.21	0.00
7	A09	Unassigned	27.28	54.66	3.84	0.00
7	A10	Unassigned	27.28	-1.86	-0.93	0.00
7	A11	Unassigned	27.28	-2.69	-0.62	0.00
7	A12	Background	27.28	0.00	0.00	0.00
7	B01	Unassigned	27.28	1.87	-0.36	0.00
7	B07	1.1216-w1.Colon.WT.10-12m	27.28	44.15	12.56	0.00
7	B08	1.1216-w1.Colon.WT.10-12m	27.28	66.19	11.08	0.00
7	B09	1.1216-w1.Colon.WT.10-12m	27.28	65.52	15.01	0.00
7	B10	1.1216-w1.Colon.WT.10-12m	27.28	77.30	12.51	0.00
7	B11	1.1216-w1.Colon.WT.10-12m	27.28	20.16	2.59	0.00
7	B12	Unassigned	27.28	-0.72	1.05	0.00
7	C01	Unassigned	27.28	-6.36	0.34	0.00
7	C07	1.1216-a1.Colon.ASO.10-12m	27.28	317.83	58.88	0.00
7	C08	1.1216-a1.Colon.ASO.10-12m	27.28	324.05	62.69	0.00
7	C09	1.1216-a1.Colon.ASO.10-12m	27.28	406.24	72.50	0.00
7	C10	1.1216-a1.Colon.ASO.10-12m	27.28	177.38	50.93	0.00
7	C11	1.1216-a1.Colon.ASO.10-12m	27.28	138.68	36.32	0.00
7	C12	Unassigned	27.28	-1.58	1.07	0.00
7	D01	Unassigned	27.28	-4.21	0.45	0.00
7	D07	2.1216-w2.Colon.WT.10-12m	27.28	52.46	8.18	0.00
7	D08	2.1216-w2.Colon.WT.10-12m	27.28	32.72	4.68	0.00
7	D09	2.1216-w2.Colon.WT.10-12m	27.28	29.64	4.15	0.00
7	D10	2.1216-w2.Colon.WT.10-12m	27.28	38.82	6.96	0.00
7	D11	2.1216-w2.Colon.WT.10-12m	27.28	30.38	3.36	0.00
7	D12	Unassigned	27.28	-5.39	0.21	0.00
7	E01	Unassigned	27.28	-3.77	-0.16	0.00
7	E07	3.1216-w3.Colon.WT.10-12m	27.28	130.68	25.48	0.00
7	E08	3.1216-w3.Colon.WT.10-12m	27.28	119.40	31.43	0.00
7	E09	3.1216-w3.Colon.WT.10-12m	27.28	115.50	26.86	0.00
7	E10	3.1216-w3.Colon.WT.10-12m	27.28	114.18	24.78	0.00
7	E11	3.1216-w3.Colon.WT.10-12m	27.28	79.72	12.10	0.00
7	E12	Unassigned	27.28	11.93	0.59	0.00
7	F01	Unassigned	27.28	-3.35	-0.49	0.00
7	F07	4.1216-w4.Colon.WT.10-12m	27.28	153.10	27.05	0.00
7	F08	4.1216-w4.Colon.WT.10-12m	27.28	312.88	50.03	0.00
7	F09	4.1216-w4.Colon.WT.10-12m	27.28	259.23	36.60	0.00
7	F10	4.1216-w4.Colon.WT.10-12m	27.28	298.25	37.40	0.00
7	F11	4.1216-w4.Colon.WT.10-12m	27.28	90.85	12.52	0.00
7	F12	Unassigned	27.28	-0.08	0.55	0.00
7	G01	Unassigned	27.28	-3.07	0.61	0.00
7	G07	2.1216-a2.Colon.ASO.10-12m	27.28	44.55	8.47	0.00
7	G08	2.1216-a2.Colon.ASO.10-12m	27.28	37.48	7.55	0.00
7	G09	2.1216-a2.Colon.ASO.10-12m	27.28	27.21	5.28	0.00
7	G10	2.1216-a2.Colon.ASO.10-12m	27.28	36.85	7.03	0.00
7	G11	2.1216-a2.Colon.ASO.10-12m	27.28	14.08	4.42	0.00
7	G12	Unassigned	27.28	-4.89	1.22	0.00
7	H01	Background	27.28	0.00	0.00	0.00
7	H02	Unassigned	27.28	-2.79	-0.38	0.00
7	H03	Unassigned	27.28	-7.00	1.27	0.00
7	H04	Unassigned	27.28	-4.63	-0.95	0.00
7	H05	Unassigned	27.28	-4.73	0.54	0.00
7	H06	Unassigned	27.28	-2.43	0.27	0.00
7	H07	Unassigned	27.28	75.34	5.41	0.00
7	H08	Unassigned	27.28	-3.47	-0.85	0.00
7	H09	Unassigned	27.28	-8.99	-0.36	0.00
7	H10	Unassigned	27.28	79.02	5.65	0.00
7	H11	Unassigned	27.28	0.55	1.44	0.00
7	H12	Background	27.28	-11.76	-0.01	0.00
8	A01	Background	31.48	0.00	0.00	0.00
8	A02	Unassigned	31.48	-7.66	0.69	0.00
8	A03	Unassigned	31.48	77.34	2.89	0.00
8	A04	Unassigned	31.48	68.29	4.31	0.00
8	A05	Unassigned	31.48	80.36	3.69	0.00
8	A06	Unassigned	31.48	85.54	4.92	0.00
8	A07	Unassigned	31.48	54.58	3.05	0.00
8	A08	Unassigned	31.48	-47.70	-0.05	0.00
8	A09	Unassigned	31.48	57.41	3.67	0.00
8	A10	Unassigned	31.48	1.94	0.96	0.00
8	A11	Unassigned	31.48	0.96	0.12	0.00
8	A12	Background	31.48	0.00	0.00	0.00
8	B01	Unassigned	31.48	-1.98	-1.29	0.00
8	B07	1.1216-w1.Colon.WT.10-12m	31.48	110.99	16.45	0.00
8	B08	1.1216-w1.Colon.WT.10-12m	31.48	154.63	12.22	0.00
8	B09	1.1216-w1.Colon.WT.10-12m	31.48	102.71	10.89	0.00
8	B10	1.1216-w1.Colon.WT.10-12m	31.48	123.39	17.40	0.00
8	B11	1.1216-w1.Colon.WT.10-12m	31.48	19.64	-0.46	0.00
8	B12	Unassigned	31.48	4.38	1.26	0.00
8	C01	Unassigned	31.48	-4.18	-0.53	0.00
8	C07	1.1216-a1.Colon.ASO.10-12m	31.48	568.74	60.87	0.00
8	C08	1.1216-a1.Colon.ASO.10-12m	31.48	424.36	67.57	0.00
8	C09	1.1216-a1.Colon.ASO.10-12m	31.48	344.11	68.13	0.00
8	C10	1.1216-a1.Colon.ASO.10-12m	31.48	532.71	66.78	0.00
8	C11	1.1216-a1.Colon.ASO.10-12m	31.48	328.40	44.27	0.00
8	C12	Unassigned	31.48	1.60	0.81	0.00
8	D01	Unassigned	31.48	-0.98	0.12	0.00
8	D07	2.1216-w2.Colon.WT.10-12m	31.48	70.88	9.35	0.00
8	D08	2.1216-w2.Colon.WT.10-12m	31.48	52.32	6.57	0.00
8	D09	2.1216-w2.Colon.WT.10-12m	31.48	53.67	5.11	0.00
8	D10	2.1216-w2.Colon.WT.10-12m	31.48	53.13	5.88	0.00
8	D11	2.1216-w2.Colon.WT.10-12m	31.48	33.70	2.89	0.00
8	D12	Unassigned	31.48	-0.05	0.40	0.00
8	E01	Unassigned	31.48	-1.56	-0.78	0.00
8	E07	3.1216-w3.Colon.WT.10-12m	31.48	312.56	34.25	0.00
8	E08	3.1216-w3.Colon.WT.10-12m	31.48	339.62	47.78	0.00
8	E09	3.1216-w3.Colon.WT.10-12m	31.48	295.04	33.04	0.00
8	E10	3.1216-w3.Colon.WT.10-12m	31.48	294.88	31.97	0.00
8	E11	3.1216-w3.Colon.WT.10-12m	31.48	137.55	27.17	0.00
8	E12	Unassigned	31.48	-0.38	-0.23	0.00
8	F01	Unassigned	31.48	-1.51	-1.96	0.00
8	F07	4.1216-w4.Colon.WT.10-12m	31.48	312.17	31.97	0.00
8	F08	4.1216-w4.Colon.WT.10-12m	31.48	533.64	52.01	0.00
8	F09	4.1216-w4.Colon.WT.10-12m	31.48	346.91	38.64	0.00
8	F10	4.1216-w4.Colon.WT.10-12m	31.48	370.89	38.25	0.00
8	F11	4.1216-w4.Colon.WT.10-12m	31.48	170.71	15.77	0.00
8	F12	Unassigned	31.48	0.86	0.59	0.00
8	G01	Unassigned	31.48	0.42	0.04	0.00
8	G07	2.1216-a2.Colon.ASO.10-12m	31.48	54.48	8.62	0.00
8	G08	2.1216-a2.Colon.ASO.10-12m	31.48	29.47	2.92	0.00
8	G09	2.1216-a2.Colon.ASO.10-12m	31.48	37.95	4.63	0.00
8	G10	2.1216-a2.Colon.ASO.10-12m	31.48	44.54	6.05	0.00
8	G11	2.1216-a2.Colon.ASO.10-12m	31.48	25.98	8.28	0.00
8	G12	Unassigned	31.48	-0.76	1.57	0.00
8	H01	Background	31.48	0.00	0.00	0.00
8	H02	Unassigned	31.48	-0.71	0.84	0.00
8	H03	Unassigned	31.48	-2.74	0.62	0.00
8	H04	Unassigned	31.48	-0.51	0.66	0.00
8	H05	Unassigned	31.48	-0.31	0.75	0.00
8	H06	Unassigned	31.48	0.38	0.59	0.00
8	H07	Unassigned	31.48	-63.64	0.54	0.00
8	H08	Unassigned	31.48	2.08	1.06	0.00
8	H09	Unassigned	31.48	-1.27	0.25	0.00
8	H10	Unassigned	31.48	-57.65	0.57	0.00
8	H11	Unassigned	31.48	3.23	-0.13	0.00
8	H12	Background	31.48	-8.66	0.52	0.00
9	A01	Background	35.55	0.00	0.00	0.00
9	A02	Unassigned	35.55	-2.32	-0.16	0.00
9	A03	Unassigned	35.55	-180.75	-1.28	0.00
9	A04	Unassigned	35.55	56.40	4.27	0.00
9	A05	Unassigned	35.55	65.60	4.55	0.00
9	A06	Unassigned	35.55	73.72	4.72	0.00
9	A07	Unassigned	35.55	52.04	3.38	0.00
9	A08	Unassigned	35.55	-20.80	0.58	0.00
9	A09	Unassigned	35.55	54.16	3.76	0.00
9	A10	Unassigned	35.55	0.64	0.53	0.00
9	A11	Unassigned	35.55	1.55	0.56	0.00
9	A12	Background	35.55	0.00	0.00	0.00
9	B01	Unassigned	35.55	-2.67	0.25	0.00
9	B07	1.1216-w1.Colon.WT.10-12m	35.55	100.97	16.55	0.00
9	B08	1.1216-w1.Colon.WT.10-12m	35.55	137.05	11.11	0.00
9	B09	1.1216-w1.Colon.WT.10-12m	35.55	108.58	13.31	0.00
9	B10	1.1216-w1.Colon.WT.10-12m	35.55	121.74	18.19	0.00
9	B11	1.1216-w1.Colon.WT.10-12m	35.55	20.19	2.33	0.00
9	B12	Unassigned	35.55	3.63	0.39	0.00
9	C01	Unassigned	35.55	-3.27	0.64	0.00
9	C07	1.1216-a1.Colon.ASO.10-12m	35.55	479.20	51.32	0.00
9	C08	1.1216-a1.Colon.ASO.10-12m	35.55	361.76	58.14	0.00
9	C09	1.1216-a1.Colon.ASO.10-12m	35.55	317.42	60.33	0.00
9	C10	1.1216-a1.Colon.ASO.10-12m	35.55	477.70	63.48	0.00
9	C11	1.1216-a1.Colon.ASO.10-12m	35.55	331.47	42.99	0.00
9	C12	Unassigned	35.55	1.72	0.72	0.00
9	D01	Unassigned	35.55	1.07	-0.17	0.00
9	D07	2.1216-w2.Colon.WT.10-12m	35.55	68.18	9.73	0.00
9	D08	2.1216-w2.Colon.WT.10-12m	35.55	49.12	6.79	0.00
9	D09	2.1216-w2.Colon.WT.10-12m	35.55	39.98	6.51	0.00
9	D10	2.1216-w2.Colon.WT.10-12m	35.55	52.95	6.51	0.00
9	D11	2.1216-w2.Colon.WT.10-12m	35.55	31.10	3.27	0.00
9	D12	Unassigned	35.55	-1.23	0.14	0.00
9	E01	Unassigned	35.55	-1.92	0.23	0.00
9	E07	3.1216-w3.Colon.WT.10-12m	35.55	279.14	31.13	0.00
9	E08	3.1216-w3.Colon.WT.10-12m	35.55	312.23	42.72	0.00
9	E09	3.1216-w3.Colon.WT.10-12m	35.55	279.09	30.42	0.00
9	E10	3.1216-w3.Colon.WT.10-12m	35.55	263.92	30.12	0.00
9	E11	3.1216-w3.Colon.WT.10-12m	35.55	132.31	27.40	0.00
9	E12	Unassigned	35.55	1.31	1.55	0.00
9	F01	Unassigned	35.55	-2.16	0.26	0.00
9	F07	4.1216-w4.Colon.WT.10-12m	35.55	255.47	27.91	0.00
9	F08	4.1216-w4.Colon.WT.10-12m	35.55	452.21	46.11	0.00
9	F09	4.1216-w4.Colon.WT.10-12m	35.55	291.20	32.90	0.00
9	F10	4.1216-w4.Colon.WT.10-12m	35.55	323.04	39.84	0.00
9	F11	4.1216-w4.Colon.WT.10-12m	35.55	211.09	20.92	0.00
9	F12	Unassigned	35.55	0.99	0.84	0.00
9	G01	Unassigned	35.55	-1.30	0.53	0.00
9	G07	2.1216-a2.Colon.ASO.10-12m	35.55	47.81	9.42	0.00
9	G08	2.1216-a2.Colon.ASO.10-12m	35.55	32.37	5.22	0.00
9	G09	2.1216-a2.Colon.ASO.10-12m	35.55	36.99	5.57	0.00
9	G10	2.1216-a2.Colon.ASO.10-12m	35.55	35.62	5.52	0.00
9	G11	2.1216-a2.Colon.ASO.10-12m	35.55	21.14	7.77	0.00
9	G12	Unassigned	35.55	-0.96	1.21	0.00
9	H01	Background	35.55	0.00	0.00	0.00
9	H02	Unassigned	35.55	-0.10	-0.07	0.00
9	H03	Unassigned	35.55	0.12	1.13	0.00
9	H04	Unassigned	35.55	0.59	1.02	0.00
9	H05	Unassigned	35.55	0.15	1.31	0.00
9	H06	Unassigned	35.55	1.04	0.88	0.00
9	H07	Unassigned	35.55	-29.73	1.00	0.00
9	H08	Unassigned	35.55	0.92	1.48	0.00
9	H09	Unassigned	35.55	-0.13	0.59	0.00
9	H10	Unassigned	35.55	-23.95	-0.25	0.00
9	H11	Unassigned	35.55	2.86	1.61	0.00
9	H12	Background	35.55	-7.67	0.34	0.00
10	A01	Background	39.77	0.00	0.00	0.00
10	A02	Unassigned	39.77	1.58	0.54	0.00
10	A03	Unassigned	39.77	-15.27	-0.13	0.00
10	A04	Unassigned	39.77	53.01	3.73	0.00
10	A05	Unassigned	39.77	-43.93	-0.10	0.00
10	A06	Unassigned	39.77	-41.78	0.22	0.00
10	A07	Unassigned	39.77	50.27	2.34	0.00
10	A08	Unassigned	39.77	-6.21	0.69	0.00
10	A09	Unassigned	39.77	-47.81	0.68	0.00
10	A10	Unassigned	39.77	1.88	0.44	0.00
10	A11	Unassigned	39.77	3.46	-0.58	0.00
10	A12	Background	39.77	0.00	0.00	0.00
10	B01	Unassigned	39.77	-0.04	-0.15	0.00
10	B07	1.1216-w1.Colon.WT.10-12m	39.77	87.51	11.27	0.00
10	B08	1.1216-w1.Colon.WT.10-12m	39.77	112.66	9.49	0.00
10	B09	1.1216-w1.Colon.WT.10-12m	39.77	136.78	14.02	0.00
10	B10	1.1216-w1.Colon.WT.10-12m	39.77	112.04	16.11	0.00
10	B11	1.1216-w1.Colon.WT.10-12m	39.77	29.15	2.81	0.00
10	B12	Unassigned	39.77	3.41	-0.73	0.00
10	C01	Unassigned	39.77	9.07	0.03	0.00
10	C07	1.1216-a1.Colon.ASO.10-12m	39.77	492.18	50.14	0.00
10	C08	1.1216-a1.Colon.ASO.10-12m	39.77	531.89	49.21	0.00
10	C09	1.1216-a1.Colon.ASO.10-12m	39.77	395.40	55.61	0.00
10	C10	1.1216-a1.Colon.ASO.10-12m	39.77	435.27	51.02	0.00
10	C11	1.1216-a1.Colon.ASO.10-12m	39.77	186.51	25.72	0.00
10	C12	Unassigned	39.77	3.47	0.11	0.00
10	D01	Unassigned	39.77	4.62	0.17	0.00
10	D07	2.1216-w2.Colon.WT.10-12m	39.77	65.21	10.15	0.00
10	D08	2.1216-w2.Colon.WT.10-12m	39.77	34.45	2.28	0.00
10	D09	2.1216-w2.Colon.WT.10-12m	39.77	26.07	0.89	0.00
10	D10	2.1216-w2.Colon.WT.10-12m	39.77	40.97	4.50	0.00
10	D11	2.1216-w2.Colon.WT.10-12m	39.77	33.89	3.93	0.00
10	D12	Unassigned	39.77	-1.41	-0.05	0.00
10	E01	Unassigned	39.77	-2.36	0.25	0.00
10	E07	3.1216-w3.Colon.WT.10-12m	39.77	249.30	23.31	0.00
10	E08	3.1216-w3.Colon.WT.10-12m	39.77	224.95	31.02	0.00
10	E09	3.1216-w3.Colon.WT.10-12m	39.77	193.51	18.90	0.00
10	E10	3.1216-w3.Colon.WT.10-12m	39.77	166.66	18.45	0.00
10	E11	3.1216-w3.Colon.WT.10-12m	39.77	65.72	8.34	0.00
10	E12	Unassigned	39.77	-1.54	-0.13	0.00
10	F01	Unassigned	39.77	-0.58	0.66	0.00
10	F07	4.1216-w4.Colon.WT.10-12m	39.77	359.15	31.53	0.00
10	F08	4.1216-w4.Colon.WT.10-12m	39.77	476.81	43.71	0.00
10	F09	4.1216-w4.Colon.WT.10-12m	39.77	404.49	41.07	0.00
10	F10	4.1216-w4.Colon.WT.10-12m	39.77	415.74	37.78	0.00
10	F11	4.1216-w4.Colon.WT.10-12m	39.77	205.89	26.92	0.00
10	F12	Unassigned	39.77	1.54	0.47	0.00
10	G01	Unassigned	39.77	7.10	0.25	0.00
10	G07	2.1216-a2.Colon.ASO.10-12m	39.77	20.53	2.52	0.00
10	G08	2.1216-a2.Colon.ASO.10-12m	39.77	20.62	2.21	0.00
10	G09	2.1216-a2.Colon.ASO.10-12m	39.77	34.13	5.46	0.00
10	G10	2.1216-a2.Colon.ASO.10-12m	39.77	50.54	8.64	0.00
10	G11	2.1216-a2.Colon.ASO.10-12m	39.77	19.94	5.80	0.00
10	G12	Unassigned	39.77	-0.50	0.43	0.00
10	H01	Background	39.77	0.00	0.00	0.00
10	H02	Unassigned	39.77	3.66	-0.11	0.00
10	H03	Unassigned	39.77	2.43	0.77	0.00
10	H04	Unassigned	39.77	0.59	0.06	0.00
10	H05	Unassigned	39.77	2.33	0.52	0.00
10	H06	Unassigned	39.77	2.71	1.04	0.00
10	H07	Unassigned	39.77	-11.89	1.03	0.00
10	H08	Unassigned	39.77	0.85	0.57	0.00
10	H09	Unassigned	39.77	3.93	0.31	0.00
10	H10	Unassigned	39.77	-9.12	1.21	0.00
10	H11	Unassigned	39.77	2.53	1.09	0.00
10	H12	Background	39.77	-8.39	0.29	0.00
11	A01	Background	43.83	0.00	0.00	0.00
11	A02	Unassigned	43.83	2.19	0.56	0.00
11	A03	Unassigned	43.83	-3.75	0.11	0.00
11	A04	Unassigned	43.83	50.63	3.33	0.00
11	A05	Unassigned	43.83	-18.40	0.29	0.00
11	A06	Unassigned	43.83	-14.36	0.46	0.00
11	A07	Unassigned	43.83	49.66	3.04	0.00
11	A08	Unassigned	43.83	-0.08	0.22	0.00
11	A09	Unassigned	43.83	-21.04	-0.20	0.00
11	A10	Unassigned	43.83	1.95	0.46	0.00
11	A11	Unassigned	43.83	0.79	0.43	0.00
11	A12	Background	43.83	0.00	0.00	0.00
11	B01	Unassigned	43.83	-1.36	0.46	0.00
11	B07	1.1216-w1.Colon.WT.10-12m	43.83	110.38	13.20	0.00
11	B08	1.1216-w1.Colon.WT.10-12m	43.83	106.92	9.99	0.00
11	B09	1.1216-w1.Colon.WT.10-12m	43.83	140.76	13.32	0.00
11	B10	1.1216-w1.Colon.WT.10-12m	43.83	107.37	15.39	0.00
11	B11	1.1216-w1.Colon.WT.10-12m	43.83	28.42	3.05	0.00
11	B12	Unassigned	43.83	2.92	0.93	0.00
11	C01	Unassigned	43.83	11.52	0.56	0.00
11	C07	1.1216-a1.Colon.ASO.10-12m	43.83	485.27	47.35	0.00
11	C08	1.1216-a1.Colon.ASO.10-12m	43.83	509.63	47.98	0.00
11	C09	1.1216-a1.Colon.ASO.10-12m	43.83	382.52	51.60	0.00
11	C10	1.1216-a1.Colon.ASO.10-12m	43.83	412.74	48.95	0.00
11	C11	1.1216-a1.Colon.ASO.10-12m	43.83	185.98	28.71	0.00
11	C12	Unassigned	43.83	7.15	-0.32	0.00
11	D01	Unassigned	43.83	3.64	0.34	0.00
11	D07	2.1216-w2.Colon.WT.10-12m	43.83	64.41	9.58	0.00
11	D08	2.1216-w2.Colon.WT.10-12m	43.83	36.53	2.72	0.00
11	D09	2.1216-w2.Colon.WT.10-12m	43.83	24.41	1.22	0.00
11	D10	2.1216-w2.Colon.WT.10-12m	43.83	39.53	4.41	0.00
11	D11	2.1216-w2.Colon.WT.10-12m	43.83	31.93	4.79	0.00
11	D12	Unassigned	43.83	-1.93	-0.55	0.00
11	E01	Unassigned	43.83	-1.89	0.21	0.00
11	E07	3.1216-w3.Colon.WT.10-12m	43.83	216.67	19.57	0.00
11	E08	3.1216-w3.Colon.WT.10-12m	43.83	206.97	27.43	0.00
11	E09	3.1216-w3.Colon.WT.10-12m	43.83	183.36	16.30	0.00
11	E10	3.1216-w3.Colon.WT.10-12m	43.83	161.40	18.57	0.00
11	E11	3.1216-w3.Colon.WT.10-12m	43.83	67.45	9.48	0.00
11	E12	Unassigned	43.83	-1.10	0.44	0.00
11	F01	Unassigned	43.83	-2.30	1.20	0.00
11	F07	4.1216-w4.Colon.WT.10-12m	43.83	338.92	33.63	0.00
11	F08	4.1216-w4.Colon.WT.10-12m	43.83	452.12	40.42	0.00
11	F09	4.1216-w4.Colon.WT.10-12m	43.83	353.39	39.65	0.00
11	F10	4.1216-w4.Colon.WT.10-12m	43.83	386.36	33.52	0.00
11	F11	4.1216-w4.Colon.WT.10-12m	43.83	147.29	22.34	0.00
11	F12	Unassigned	43.83	2.71	0.13	0.00
11	G01	Unassigned	43.83	7.14	0.07	0.00
11	G07	2.1216-a2.Colon.ASO.10-12m	43.83	22.00	2.90	0.00
11	G08	2.1216-a2.Colon.ASO.10-12m	43.83	22.92	3.17	0.00
11	G09	2.1216-a2.Colon.ASO.10-12m	43.83	33.67	5.43	0.00
11	G10	2.1216-a2.Colon.ASO.10-12m	43.83	45.66	7.86	0.00
11	G11	2.1216-a2.Colon.ASO.10-12m	43.83	18.33	6.77	0.00
11	G12	Unassigned	43.83	-2.65	0.72	0.00
11	H01	Background	43.83	0.00	0.00	0.00
11	H02	Unassigned	43.83	3.16	0.18	0.00
11	H03	Unassigned	43.83	1.38	1.36	0.00
11	H04	Unassigned	43.83	-0.58	0.68	0.00
11	H05	Unassigned	43.83	1.32	0.87	0.00
11	H06	Unassigned	43.83	2.04	0.72	0.00
11	H07	Unassigned	43.83	-5.62	1.08	0.00
11	H08	Unassigned	43.83	1.52	0.37	0.00
11	H09	Unassigned	43.83	0.00	0.44	0.00
11	H10	Unassigned	43.83	-3.68	0.58	0.00
11	H11	Unassigned	43.83	1.27	0.78	0.00
11	H12	Background	43.83	-8.98	0.10	0.00
12	A01	Background	48.03	0.00	0.00	0.00
12	A02	Unassigned	48.03	2.72	0.02	0.00
12	A03	Unassigned	48.03	4.69	0.49	0.00
12	A04	Unassigned	48.03	48.62	2.45	0.00
12	A05	Unassigned	48.03	-6.75	-0.16	0.00
12	A06	Unassigned	48.03	0.27	0.63	0.00
12	A07	Unassigned	48.03	49.53	2.47	0.00
12	A08	Unassigned	48.03	3.35	0.22	0.00
12	A09	Unassigned	48.03	-7.03	-0.53	0.00
12	A10	Unassigned	48.03	0.91	-0.46	0.00
12	A11	Unassigned	48.03	1.59	0.03	0.00
12	A12	Background	48.03	0.00	0.00	0.00
12	B01	Unassigned	48.03	1.41	0.71	0.00
12	B07	1.1216-w1.Colon.WT.10-12m	48.03	21.11	5.35	0.00
12	B08	1.1216-w1.Colon.WT.10-12m	48.03	19.67	3.02	0.00
12	B09	1.1216-w1.Colon.WT.10-12m	48.03	28.89	7.90	0.00
12	B10	1.1216-w1.Colon.WT.10-12m	48.03	27.73	4.52	0.00
12	B11	1.1216-w1.Colon.WT.10-12m	48.03	16.12	4.29	0.00
12	B12	Unassigned	48.03	3.23	0.33	0.00
12	C01	Unassigned	48.03	14.27	0.22	0.00
12	C07	1.1216-a1.Colon.ASO.10-12m	48.03	101.75	25.00	0.00
12	C08	1.1216-a1.Colon.ASO.10-12m	48.03	73.89	18.57	0.00
12	C09	1.1216-a1.Colon.ASO.10-12m	48.03	112.47	30.99	0.00
12	C10	1.1216-a1.Colon.ASO.10-12m	48.03	45.29	19.03	0.00
12	C11	1.1216-a1.Colon.ASO.10-12m	48.03	51.24	13.06	0.00
12	C12	Unassigned	48.03	3.29	0.17	0.00
12	D01	Unassigned	48.03	0.69	0.14	0.00
12	D07	2.1216-w2.Colon.WT.10-12m	48.03	41.72	3.89	0.00
12	D08	2.1216-w2.Colon.WT.10-12m	48.03	16.02	0.28	0.00
12	D09	2.1216-w2.Colon.WT.10-12m	48.03	14.57	0.16	0.00
12	D10	2.1216-w2.Colon.WT.10-12m	48.03	16.88	2.01	0.00
12	D11	2.1216-w2.Colon.WT.10-12m	48.03	17.01	1.82	0.00
12	D12	Unassigned	48.03	0.75	0.03	0.00
12	E01	Unassigned	48.03	-1.63	-1.40	0.00
12	E07	3.1216-w3.Colon.WT.10-12m	48.03	38.12	7.01	0.00
12	E08	3.1216-w3.Colon.WT.10-12m	48.03	35.14	7.80	0.00
12	E09	3.1216-w3.Colon.WT.10-12m	48.03	41.18	7.36	0.00
12	E10	3.1216-w3.Colon.WT.10-12m	48.03	44.62	5.93	0.00
12	E11	3.1216-w3.Colon.WT.10-12m	48.03	24.80	4.61	0.00
12	E12	Unassigned	48.03	3.70	0.28	0.00
12	F01	Unassigned	48.03	-3.23	-0.99	0.00
12	F07	4.1216-w4.Colon.WT.10-12m	48.03	66.08	16.14	0.00
12	F08	4.1216-w4.Colon.WT.10-12m	48.03	87.38	21.02	0.00
12	F09	4.1216-w4.Colon.WT.10-12m	48.03	70.88	20.50	0.00
12	F10	4.1216-w4.Colon.WT.10-12m	48.03	73.21	15.17	0.00
12	F11	4.1216-w4.Colon.WT.10-12m	48.03	36.82	7.60	0.00
12	F12	Unassigned	48.03	2.93	1.00	0.00
12	G01	Unassigned	48.03	-3.01	0.17	0.00
12	G07	2.1216-a2.Colon.ASO.10-12m	48.03	18.11	3.39	0.00
12	G08	2.1216-a2.Colon.ASO.10-12m	48.03	13.47	4.01	0.00
12	G09	2.1216-a2.Colon.ASO.10-12m	48.03	19.00	4.25	0.00
12	G10	2.1216-a2.Colon.ASO.10-12m	48.03	19.88	5.18	0.00
12	G11	2.1216-a2.Colon.ASO.10-12m	48.03	6.49	2.52	0.00
12	G12	Unassigned	48.03	3.37	0.79	0.00
12	H01	Background	48.03	0.00	0.00	0.00
12	H02	Unassigned	48.03	4.36	0.38	0.00
12	H03	Unassigned	48.03	1.94	0.93	0.00
12	H04	Unassigned	48.03	1.64	0.11	0.00
12	H05	Unassigned	48.03	0.59	0.42	0.00
12	H06	Unassigned	48.03	0.95	0.59	0.00
12	H07	Unassigned	48.03	-3.74	0.51	0.00
12	H08	Unassigned	48.03	0.63	-0.03	0.00
12	H09	Unassigned	48.03	2.38	0.34	0.00
12	H10	Unassigned	48.03	0.46	0.41	0.00
12	H11	Unassigned	48.03	4.41	1.78	0.00
12	H12	Background	48.03	-8.62	-0.30	0.00
13	A01	Background	52.10	0.00	0.00	0.00
13	A02	Unassigned	52.10	0.90	1.13	0.00
13	A03	Unassigned	52.10	5.05	0.54	0.00
13	A04	Unassigned	52.10	48.93	3.37	0.00
13	A05	Unassigned	52.10	-0.48	0.49	0.00
13	A06	Unassigned	52.10	4.21	0.49	0.00
13	A07	Unassigned	52.10	48.24	2.10	0.00
13	A08	Unassigned	52.10	4.03	0.41	0.00
13	A09	Unassigned	52.10	-0.79	0.71	0.00
13	A10	Unassigned	52.10	0.90	-0.10	0.00
13	A11	Unassigned	52.10	3.98	1.71	0.00
13	A12	Background	52.10	0.00	0.00	0.00
13	B01	Unassigned	52.10	-0.64	0.90	0.00
13	B07	1.1216-w1.Colon.WT.10-12m	52.10	18.54	4.09	0.00
13	B08	1.1216-w1.Colon.WT.10-12m	52.10	19.03	2.78	0.00
13	B09	1.1216-w1.Colon.WT.10-12m	52.10	23.60	7.99	0.00
13	B10	1.1216-w1.Colon.WT.10-12m	52.10	22.38	5.09	0.00
13	B11	1.1216-w1.Colon.WT.10-12m	52.10	10.90	2.82	0.00
13	B12	Unassigned	52.10	0.81	0.77	0.00
13	C01	Unassigned	52.10	13.66	1.28	0.00
13	C07	1.1216-a1.Colon.ASO.10-12m	52.10	77.55	21.36	0.00
13	C08	1.1216-a1.Colon.ASO.10-12m	52.10	73.42	18.41	0.00
13	C09	1.1216-a1.Colon.ASO.10-12m	52.10	95.10	25.69	0.00
13	C10	1.1216-a1.Colon.ASO.10-12m	52.10	42.57	17.55	0.00
13	C11	1.1216-a1.Colon.ASO.10-12m	52.10	47.43	13.54	0.00
13	C12	Unassigned	52.10	-0.06	0.88	0.00
13	D01	Unassigned	52.10	0.57	0.57	0.00
13	D07	2.1216-w2.Colon.WT.10-12m	52.10	39.05	3.37	0.00
13	D08	2.1216-w2.Colon.WT.10-12m	52.10	14.77	0.64	0.00
13	D09	2.1216-w2.Colon.WT.10-12m	52.10	15.54	0.77	0.00
13	D10	2.1216-w2.Colon.WT.10-12m	52.10	13.80	1.96	0.00
13	D11	2.1216-w2.Colon.WT.10-12m	52.10	15.75	1.89	0.00
13	D12	Unassigned	52.10	-2.35	0.62	0.00
13	E01	Unassigned	52.10	-2.94	0.68	0.00
13	E07	3.1216-w3.Colon.WT.10-12m	52.10	32.90	6.91	0.00
13	E08	3.1216-w3.Colon.WT.10-12m	52.10	34.32	8.39	0.00
13	E09	3.1216-w3.Colon.WT.10-12m	52.10	33.44	5.67	0.00
13	E10	3.1216-w3.Colon.WT.10-12m	52.10	37.06	5.87	0.00
13	E11	3.1216-w3.Colon.WT.10-12m	52.10	23.09	5.32	0.00
13	E12	Unassigned	52.10	1.85	0.66	0.00
13	F01	Unassigned	52.10	-3.42	1.22	0.00
13	F07	4.1216-w4.Colon.WT.10-12m	52.10	53.30	14.70	0.00
13	F08	4.1216-w4.Colon.WT.10-12m	52.10	64.55	17.95	0.00
13	F09	4.1216-w4.Colon.WT.10-12m	52.10	66.81	15.46	0.00
13	F10	4.1216-w4.Colon.WT.10-12m	52.10	54.98	10.83	0.00
13	F11	4.1216-w4.Colon.WT.10-12m	52.10	34.32	6.16	0.00
13	F12	Unassigned	52.10	0.74	1.07	0.00
13	G01	Unassigned	52.10	-2.89	0.17	0.00
13	G07	2.1216-a2.Colon.ASO.10-12m	52.10	17.03	4.31	0.00
13	G08	2.1216-a2.Colon.ASO.10-12m	52.10	13.02	5.18	0.00
13	G09	2.1216-a2.Colon.ASO.10-12m	52.10	19.61	4.29	0.00
13	G10	2.1216-a2.Colon.ASO.10-12m	52.10	15.84	4.85	0.00
13	G11	2.1216-a2.Colon.ASO.10-12m	52.10	7.24	4.23	0.00
13	G12	Unassigned	52.10	1.63	1.08	0.00
13	H01	Background	52.10	0.00	0.00	0.00
13	H02	Unassigned	52.10	1.13	0.13	0.00
13	H03	Unassigned	52.10	1.17	0.92	0.00
13	H04	Unassigned	52.10	-1.26	1.10	0.00
13	H05	Unassigned	52.10	0.57	1.40	0.00
13	H06	Unassigned	52.10	0.05	1.31	0.00
13	H07	Unassigned	52.10	-3.96	1.30	0.00
13	H08	Unassigned	52.10	-0.18	1.08	0.00
13	H09	Unassigned	52.10	0.15	1.13	0.00
13	H10	Unassigned	52.10	-0.63	0.27	0.00
13	H11	Unassigned	52.10	2.80	0.82	0.00
13	H12	Background	52.10	-8.27	0.21	0.00
14	A01	Background	56.17	0.00	0.00	0.00
14	A02	Unassigned	56.17	1.38	0.57	0.00
14	A03	Unassigned	56.17	6.84	0.50	0.00
14	A04	Unassigned	56.17	46.30	2.93	0.00
14	A05	Unassigned	56.17	2.11	0.47	0.00
14	A06	Unassigned	56.17	7.17	0.39	0.00
14	A07	Unassigned	56.17	47.17	1.86	0.00
14	A08	Unassigned	56.17	2.80	0.44	0.00
14	A09	Unassigned	56.17	0.61	0.38	0.00
14	A10	Unassigned	56.17	1.23	0.22	0.00
14	A11	Unassigned	56.17	0.53	-0.09	0.00
14	A12	Background	56.17	0.00	0.00	0.00
14	B01	Unassigned	56.17	-1.87	-0.08	0.00
14	B07	1.1216-w1.Colon.WT.10-12m	56.17	16.35	4.21	0.00
14	B08	1.1216-w1.Colon.WT.10-12m	56.17	17.94	2.15	0.00
14	B09	1.1216-w1.Colon.WT.10-12m	56.17	23.16	6.70	0.00
14	B10	1.1216-w1.Colon.WT.10-12m	56.17	22.43	4.56	0.00
14	B11	1.1216-w1.Colon.WT.10-12m	56.17	13.42	2.45	0.00
14	B12	Unassigned	56.17	3.21	0.94	0.00
14	C01	Unassigned	56.17	12.31	-0.22	0.00
14	C07	1.1216-a1.Colon.ASO.10-12m	56.17	71.57	18.10	0.00
14	C08	1.1216-a1.Colon.ASO.10-12m	56.17	72.74	16.91	0.00
14	C09	1.1216-a1.Colon.ASO.10-12m	56.17	88.39	22.55	0.00
14	C10	1.1216-a1.Colon.ASO.10-12m	56.17	43.60	14.93	0.00
14	C11	1.1216-a1.Colon.ASO.10-12m	56.17	44.49	12.34	0.00
14	C12	Unassigned	56.17	-0.96	0.69	0.00
14	D01	Unassigned	56.17	0.66	-0.65	0.00
14	D07	2.1216-w2.Colon.WT.10-12m	56.17	37.91	3.69	0.00
14	D08	2.1216-w2.Colon.WT.10-12m	56.17	16.11	1.15	0.00
14	D09	2.1216-w2.Colon.WT.10-12m	56.17	12.55	0.28	0.00
14	D10	2.1216-w2.Colon.WT.10-12m	56.17	14.37	1.25	0.00
14	D11	2.1216-w2.Colon.WT.10-12m	56.17	16.50	1.51	0.00
14	D12	Unassigned	56.17	-2.32	0.68	0.00
14	E01	Unassigned	56.17	-0.07	0.10	0.00
14	E07	3.1216-w3.Colon.WT.10-12m	56.17	32.12	5.01	0.00
14	E08	3.1216-w3.Colon.WT.10-12m	56.17	38.13	6.66	0.00
14	E09	3.1216-w3.Colon.WT.10-12m	56.17	30.82	5.03	0.00
14	E10	3.1216-w3.Colon.WT.10-12m	56.17	31.82	4.99	0.00
14	E11	3.1216-w3.Colon.WT.10-12m	56.17	25.12	4.58	0.00
14	E12	Unassigned	56.17	3.58	0.37	0.00
14	F01	Unassigned	56.17	-4.25	0.66	0.00
14	F07	4.1216-w4.Colon.WT.10-12m	56.17	52.43	13.61	0.00
14	F08	4.1216-w4.Colon.WT.10-12m	56.17	72.67	20.86	0.00
14	F09	4.1216-w4.Colon.WT.10-12m	56.17	68.22	13.54	0.00
14	F10	4.1216-w4.Colon.WT.10-12m	56.17	52.86	9.43	0.00
14	F11	4.1216-w4.Colon.WT.10-12m	56.17	34.47	5.11	0.00
14	F12	Unassigned	56.17	2.58	1.24	0.00
14	G01	Unassigned	56.17	-3.20	0.48	0.00
14	G07	2.1216-a2.Colon.ASO.10-12m	56.17	15.86	4.48	0.00
14	G08	2.1216-a2.Colon.ASO.10-12m	56.17	10.52	3.27	0.00
14	G09	2.1216-a2.Colon.ASO.10-12m	56.17	19.10	4.26	0.00
14	G10	2.1216-a2.Colon.ASO.10-12m	56.17	13.79	3.60	0.00
14	G11	2.1216-a2.Colon.ASO.10-12m	56.17	6.49	3.05	0.00
14	G12	Unassigned	56.17	4.05	0.69	0.00
14	H01	Background	56.17	0.00	0.00	0.00
14	H02	Unassigned	56.17	2.46	0.84	0.00
14	H03	Unassigned	56.17	1.36	0.76	0.00
14	H04	Unassigned	56.17	-1.42	0.99	0.00
14	H05	Unassigned	56.17	1.00	1.29	0.00
14	H06	Unassigned	56.17	0.79	0.76	0.00
14	H07	Unassigned	56.17	-1.80	1.02	0.00
14	H08	Unassigned	56.17	-0.41	0.30	0.00
14	H09	Unassigned	56.17	1.90	0.72	0.00
14	H10	Unassigned	56.17	0.58	0.95	0.00
14	H11	Unassigned	56.17	2.81	0.71	0.00
14	H12	Background	56.17	-10.11	-0.11	0.00
