Measurement	Well	Group	Time	OCR	ECAR	PER
1	A01	Background	1.08	-6.49	-1.62	0.00
1	A12	Background	1.08	11.00	-0.21	0.00
1	B01	Unassigned	1.08	44.08	0.39	0.00
1	B02	1.RBM102R.Colon.ASO.3-4m	1.08	19.06	6.33	0.00
1	B03	1.RBM102R.Colon.ASO.3-4m	1.08	61.17	-7.07	0.00
1	B04	1.RBM102R.Colon.ASO.3-4m	1.08	77.11	17.10	0.00
1	B05	1.RBM102R.Colon.ASO.3-4m	1.08	63.55	0.68	0.00
1	B06	1.RBM102R.Colon.ASO.3-4m	1.08	40.39	6.31	0.00
1	C01	Unassigned	1.08	67.04	7.12	0.00
1	C02	2.RBM102B.Colon.WT.3-4m	1.08	81.44	-0.05	0.00
1	C03	2.RBM102B.Colon.WT.3-4m	1.08	123.55	20.34	0.00
1	C04	2.RBM102B.Colon.WT.3-4m	1.08	87.91	25.23	0.00
1	C05	2.RBM102B.Colon.WT.3-4m	1.08	96.61	18.33	0.00
1	C06	2.RBM102B.Colon.WT.3-4m	1.08	102.80	22.81	0.00
1	D01	3.RBM103R.Colon.ASO.3-4m	1.08	54.36	15.95	0.00
1	D02	3.RBM103R.Colon.ASO.3-4m	1.08	108.85	12.50	0.00
1	D03	3.RBM103R.Colon.ASO.3-4m	1.08	107.98	25.32	0.00
1	D04	3.RBM103R.Colon.ASO.3-4m	1.08	123.51	27.22	0.00
1	D05	3.RBM103R.Colon.ASO.3-4m	1.08	103.43	7.87	0.00
1	D06	3.RBM103R.Colon.ASO.3-4m	1.08	96.41	24.03	0.00
1	E01	4.RBM103L.Colon.WT.2-3m	1.08	29.99	5.27	0.00
1	E02	4.RBM103L.Colon.WT.2-3m	1.08	76.01	0.24	0.00
1	E03	4.RBM103L.Colon.WT.2-3m	1.08	59.25	10.85	0.00
1	E04	4.RBM103L.Colon.WT.2-3m	1.08	62.29	-87.97	0.00
1	E05	4.RBM103L.Colon.WT.2-3m	1.08	42.14	14.74	0.00
1	E06	4.RBM103L.Colon.WT.2-3m	1.08	35.41	11.09	0.00
1	F01	5.RBM106B.Colon.WT.1-2m	1.08	15.04	1.12	0.00
1	F02	5.RBM106B.Colon.WT.1-2m	1.08	60.45	12.11	0.00
1	F03	5.RBM106B.Colon.WT.1-2m	1.08	32.11	17.72	0.00
1	F04	5.RBM106B.Colon.WT.1-2m	1.08	58.32	4.61	0.00
1	F05	5.RBM106B.Colon.WT.1-2m	1.08	116.99	29.36	0.00
1	F06	5.RBM106B.Colon.WT.1-2m	1.08	45.77	-5.52	0.00
1	G01	6.RBM107R.Colon.ASO.1-2m	1.08	78.18	13.40	0.00
1	G02	6.RBM107R.Colon.ASO.1-2m	1.08	73.28	9.63	0.00
1	G03	6.RBM107R.Colon.ASO.1-2m	1.08	103.40	21.80	0.00
1	G04	6.RBM107R.Colon.ASO.1-2m	1.08	77.67	19.05	0.00
1	G05	6.RBM107R.Colon.ASO.1-2m	1.08	47.94	11.93	0.00
1	G06	6.RBM107R.Colon.ASO.1-2m	1.08	77.79	20.45	0.00
1	H01	Background	1.08	21.44	1.41	0.00
1	H12	Background	1.08	-4.54	1.76	0.00
2	A01	Background	5.93	0.98	0.96	0.00
2	A12	Background	5.93	13.50	0.77	0.00
2	B01	Unassigned	5.93	47.78	2.10	0.00
2	B02	1.RBM102R.Colon.ASO.3-4m	5.93	28.85	7.57	0.00
2	B03	1.RBM102R.Colon.ASO.3-4m	5.93	57.53	9.61	0.00
2	B04	1.RBM102R.Colon.ASO.3-4m	5.93	70.68	16.92	0.00
2	B05	1.RBM102R.Colon.ASO.3-4m	5.93	60.54	9.73	0.00
2	B06	1.RBM102R.Colon.ASO.3-4m	5.93	47.20	12.72	0.00
2	C01	Unassigned	5.93	73.83	10.11	0.00
2	C02	2.RBM102B.Colon.WT.3-4m	5.93	87.70	12.45	0.00
2	C03	2.RBM102B.Colon.WT.3-4m	5.93	110.25	28.31	0.00
2	C04	2.RBM102B.Colon.WT.3-4m	5.93	83.21	17.34	0.00
2	C05	2.RBM102B.Colon.WT.3-4m	5.93	98.60	19.48	0.00
2	C06	2.RBM102B.Colon.WT.3-4m	5.93	105.27	23.35	0.00
2	D01	3.RBM103R.Colon.ASO.3-4m	5.93	62.41	15.71	0.00
2	D02	3.RBM103R.Colon.ASO.3-4m	5.93	114.07	22.16	0.00
2	D03	3.RBM103R.Colon.ASO.3-4m	5.93	108.28	27.62	0.00
2	D04	3.RBM103R.Colon.ASO.3-4m	5.93	118.84	29.21	0.00
2	D05	3.RBM103R.Colon.ASO.3-4m	5.93	92.62	18.72	0.00
2	D06	3.RBM103R.Colon.ASO.3-4m	5.93	94.58	22.20	0.00
2	E01	4.RBM103L.Colon.WT.2-3m	5.93	39.31	5.05	0.00
2	E02	4.RBM103L.Colon.WT.2-3m	5.93	52.26	4.91	0.00
2	E03	4.RBM103L.Colon.WT.2-3m	5.93	63.57	15.35	0.00
2	E04	4.RBM103L.Colon.WT.2-3m	5.93	56.97	9.73	0.00
2	E05	4.RBM103L.Colon.WT.2-3m	5.93	44.97	15.10	0.00
2	E06	4.RBM103L.Colon.WT.2-3m	5.93	43.54	8.88	0.00
2	F01	5.RBM106B.Colon.WT.1-2m	5.93	25.47	1.87	0.00
2	F02	5.RBM106B.Colon.WT.1-2m	5.93	64.00	15.12	0.00
2	F03	5.RBM106B.Colon.WT.1-2m	5.93	38.79	18.69	0.00
2	F04	5.RBM106B.Colon.WT.1-2m	5.93	62.19	13.99	0.00
2	F05	5.RBM106B.Colon.WT.1-2m	5.93	118.13	30.44	0.00
2	F06	5.RBM106B.Colon.WT.1-2m	5.93	6.88	-3.12	0.00
2	G01	6.RBM107R.Colon.ASO.1-2m	5.93	93.38	15.90	0.00
2	G02	6.RBM107R.Colon.ASO.1-2m	5.93	77.12	14.43	0.00
2	G03	6.RBM107R.Colon.ASO.1-2m	5.93	110.53	24.95	0.00
2	G04	6.RBM107R.Colon.ASO.1-2m	5.93	74.48	14.65	0.00
2	G05	6.RBM107R.Colon.ASO.1-2m	5.93	53.46	10.28	0.00
2	G06	6.RBM107R.Colon.ASO.1-2m	5.93	73.21	17.42	0.00
2	H01	Background	5.93	14.51	1.68	0.00
2	H12	Background	5.93	6.08	0.60	0.00
3	A01	Background	10.80	3.69	0.78	0.00
3	A12	Background	10.80	16.16	1.18	0.00
3	B01	Unassigned	10.80	45.51	7.81	0.00
3	B02	1.RBM102R.Colon.ASO.3-4m	10.80	31.85	7.52	0.00
3	B03	1.RBM102R.Colon.ASO.3-4m	10.80	54.27	9.45	0.00
3	B04	1.RBM102R.Colon.ASO.3-4m	10.80	79.82	16.52	0.00
3	B05	1.RBM102R.Colon.ASO.3-4m	10.80	56.94	9.74	0.00
3	B06	1.RBM102R.Colon.ASO.3-4m	10.80	48.67	12.04	0.00
3	C01	Unassigned	10.80	74.00	9.74	0.00
3	C02	2.RBM102B.Colon.WT.3-4m	10.80	88.63	13.94	0.00
3	C03	2.RBM102B.Colon.WT.3-4m	10.80	98.17	28.28	0.00
3	C04	2.RBM102B.Colon.WT.3-4m	10.80	83.85	18.20	0.00
3	C05	2.RBM102B.Colon.WT.3-4m	10.80	92.03	17.00	0.00
3	C06	2.RBM102B.Colon.WT.3-4m	10.80	103.36	22.49	0.00
3	D01	3.RBM103R.Colon.ASO.3-4m	10.80	65.43	15.26	0.00
3	D02	3.RBM103R.Colon.ASO.3-4m	10.80	109.74	23.16	0.00
3	D03	3.RBM103R.Colon.ASO.3-4m	10.80	105.25	27.18	0.00
3	D04	3.RBM103R.Colon.ASO.3-4m	10.80	109.03	29.69	0.00
3	D05	3.RBM103R.Colon.ASO.3-4m	10.80	79.93	19.26	0.00
3	D06	3.RBM103R.Colon.ASO.3-4m	10.80	92.89	22.59	0.00
3	E01	4.RBM103L.Colon.WT.2-3m	10.80	45.64	4.83	0.00
3	E02	4.RBM103L.Colon.WT.2-3m	10.80	47.64	4.63	0.00
3	E03	4.RBM103L.Colon.WT.2-3m	10.80	61.66	12.93	0.00
3	E04	4.RBM103L.Colon.WT.2-3m	10.80	55.01	9.97	0.00
3	E05	4.RBM103L.Colon.WT.2-3m	10.80	43.89	13.99	0.00
3	E06	4.RBM103L.Colon.WT.2-3m	10.80	41.68	8.50	0.00
3	F01	5.RBM106B.Colon.WT.1-2m	10.80	24.24	1.79	0.00
3	F02	5.RBM106B.Colon.WT.1-2m	10.80	65.60	16.91	0.00
3	F03	5.RBM106B.Colon.WT.1-2m	10.80	41.77	19.57	0.00
3	F04	5.RBM106B.Colon.WT.1-2m	10.80	61.46	12.37	0.00
3	F05	5.RBM106B.Colon.WT.1-2m	10.80	109.11	29.92	0.00
3	F06	5.RBM106B.Colon.WT.1-2m	10.80	39.25	12.06	0.00
3	G01	6.RBM107R.Colon.ASO.1-2m	10.80	90.79	15.28	0.00
3	G02	6.RBM107R.Colon.ASO.1-2m	10.80	77.43	15.19	0.00
3	G03	6.RBM107R.Colon.ASO.1-2m	10.80	112.89	25.81	0.00
3	G04	6.RBM107R.Colon.ASO.1-2m	10.80	73.54	15.31	0.00
3	G05	6.RBM107R.Colon.ASO.1-2m	10.80	53.35	9.62	0.00
3	G06	6.RBM107R.Colon.ASO.1-2m	10.80	70.56	16.57	0.00
3	H01	Background	10.80	12.32	1.51	0.00
3	H12	Background	10.80	9.87	-1.76	0.00
4	A01	Background	15.85	9.00	-0.02	0.00
4	A12	Background	15.85	18.55	0.18	0.00
4	B01	Unassigned	15.85	45.22	9.60	0.00
4	B02	1.RBM102R.Colon.ASO.3-4m	15.85	22.93	7.05	0.00
4	B03	1.RBM102R.Colon.ASO.3-4m	15.85	56.46	-14.36	0.00
4	B04	1.RBM102R.Colon.ASO.3-4m	15.85	66.13	18.88	0.00
4	B05	1.RBM102R.Colon.ASO.3-4m	15.85	48.06	9.94	0.00
4	B06	1.RBM102R.Colon.ASO.3-4m	15.85	41.61	13.70	0.00
4	C01	Unassigned	15.85	64.22	15.32	0.00
4	C02	2.RBM102B.Colon.WT.3-4m	15.85	62.62	15.17	0.00
4	C03	2.RBM102B.Colon.WT.3-4m	15.85	97.10	43.30	0.00
4	C04	2.RBM102B.Colon.WT.3-4m	15.85	59.90	17.91	0.00
4	C05	2.RBM102B.Colon.WT.3-4m	15.85	77.72	24.08	0.00
4	C06	2.RBM102B.Colon.WT.3-4m	15.85	72.60	25.32	0.00
4	D01	3.RBM103R.Colon.ASO.3-4m	15.85	43.03	15.27	0.00
4	D02	3.RBM103R.Colon.ASO.3-4m	15.85	76.11	28.21	0.00
4	D03	3.RBM103R.Colon.ASO.3-4m	15.85	67.93	34.07	0.00
4	D04	3.RBM103R.Colon.ASO.3-4m	15.85	78.74	33.96	0.00
4	D05	3.RBM103R.Colon.ASO.3-4m	15.85	63.13	24.10	0.00
4	D06	3.RBM103R.Colon.ASO.3-4m	15.85	91.12	22.16	0.00
4	E01	4.RBM103L.Colon.WT.2-3m	15.85	33.66	5.23	0.00
4	E02	4.RBM103L.Colon.WT.2-3m	15.85	41.05	7.61	0.00
4	E03	4.RBM103L.Colon.WT.2-3m	15.85	29.09	10.58	0.00
4	E04	4.RBM103L.Colon.WT.2-3m	15.85	30.15	11.20	0.00
4	E05	4.RBM103L.Colon.WT.2-3m	15.85	33.29	14.48	0.00
4	E06	4.RBM103L.Colon.WT.2-3m	15.85	32.64	9.97	0.00
4	F01	5.RBM106B.Colon.WT.1-2m	15.85	31.82	-0.89	0.00
4	F02	5.RBM106B.Colon.WT.1-2m	15.85	50.77	16.60	0.00
4	F03	5.RBM106B.Colon.WT.1-2m	15.85	31.22	19.16	0.00
4	F04	5.RBM106B.Colon.WT.1-2m	15.85	47.22	11.06	0.00
4	F05	5.RBM106B.Colon.WT.1-2m	15.85	79.14	23.75	0.00
4	F06	5.RBM106B.Colon.WT.1-2m	15.85	34.88	4.10	0.00
4	G01	6.RBM107R.Colon.ASO.1-2m	15.85	64.51	21.00	0.00
4	G02	6.RBM107R.Colon.ASO.1-2m	15.85	51.47	17.06	0.00
4	G03	6.RBM107R.Colon.ASO.1-2m	15.85	69.83	33.47	0.00
4	G04	6.RBM107R.Colon.ASO.1-2m	15.85	65.78	21.33	0.00
4	G05	6.RBM107R.Colon.ASO.1-2m	15.85	41.39	14.35	0.00
4	G06	6.RBM107R.Colon.ASO.1-2m	15.85	68.91	18.04	0.00
4	H01	Background	15.85	16.95	0.94	0.00
4	H12	Background	15.85	11.55	-0.55	0.00
5	A01	Background	20.72	10.94	0.55	0.00
5	A12	Background	20.72	21.21	0.24	0.00
5	B01	Unassigned	20.72	42.38	10.54	0.00
5	B02	1.RBM102R.Colon.ASO.3-4m	20.72	18.37	7.14	0.00
5	B03	1.RBM102R.Colon.ASO.3-4m	20.72	51.69	10.28	0.00
5	B04	1.RBM102R.Colon.ASO.3-4m	20.72	95.83	17.81	0.00
5	B05	1.RBM102R.Colon.ASO.3-4m	20.72	48.02	8.13	0.00
5	B06	1.RBM102R.Colon.ASO.3-4m	20.72	42.26	14.11	0.00
5	C01	Unassigned	20.72	59.92	14.41	0.00
5	C02	2.RBM102B.Colon.WT.3-4m	20.72	61.64	14.54	0.00
5	C03	2.RBM102B.Colon.WT.3-4m	20.72	86.53	41.39	0.00
5	C04	2.RBM102B.Colon.WT.3-4m	20.72	56.34	18.54	0.00
5	C05	2.RBM102B.Colon.WT.3-4m	20.72	72.46	23.08	0.00
5	C06	2.RBM102B.Colon.WT.3-4m	20.72	69.80	23.55	0.00
5	D01	3.RBM103R.Colon.ASO.3-4m	20.72	42.67	14.94	0.00
5	D02	3.RBM103R.Colon.ASO.3-4m	20.72	66.23	25.48	0.00
5	D03	3.RBM103R.Colon.ASO.3-4m	20.72	64.82	29.93	0.00
5	D04	3.RBM103R.Colon.ASO.3-4m	20.72	75.19	28.11	0.00
5	D05	3.RBM103R.Colon.ASO.3-4m	20.72	53.50	23.94	0.00
5	D06	3.RBM103R.Colon.ASO.3-4m	20.72	86.76	21.73	0.00
5	E01	4.RBM103L.Colon.WT.2-3m	20.72	35.08	4.43	0.00
5	E02	4.RBM103L.Colon.WT.2-3m	20.72	39.59	6.40	0.00
5	E03	4.RBM103L.Colon.WT.2-3m	20.72	32.83	10.26	0.00
5	E04	4.RBM103L.Colon.WT.2-3m	20.72	30.29	10.34	0.00
5	E05	4.RBM103L.Colon.WT.2-3m	20.72	35.36	11.74	0.00
5	E06	4.RBM103L.Colon.WT.2-3m	20.72	35.69	7.91	0.00
5	F01	5.RBM106B.Colon.WT.1-2m	20.72	28.17	0.00	0.00
5	F02	5.RBM106B.Colon.WT.1-2m	20.72	41.26	18.13	0.00
5	F03	5.RBM106B.Colon.WT.1-2m	20.72	42.37	16.44	0.00
5	F04	5.RBM106B.Colon.WT.1-2m	20.72	49.51	13.65	0.00
5	F05	5.RBM106B.Colon.WT.1-2m	20.72	68.47	25.71	0.00
5	F06	5.RBM106B.Colon.WT.1-2m	20.72	35.51	13.59	0.00
5	G01	6.RBM107R.Colon.ASO.1-2m	20.72	60.97	20.97	0.00
5	G02	6.RBM107R.Colon.ASO.1-2m	20.72	49.95	15.70	0.00
5	G03	6.RBM107R.Colon.ASO.1-2m	20.72	66.23	30.96	0.00
5	G04	6.RBM107R.Colon.ASO.1-2m	20.72	60.81	20.25	0.00
5	G05	6.RBM107R.Colon.ASO.1-2m	20.72	48.17	13.09	0.00
5	G06	6.RBM107R.Colon.ASO.1-2m	20.72	70.36	17.16	0.00
5	H01	Background	20.72	21.83	1.02	0.00
5	H12	Background	20.72	13.69	0.74	0.00
6	A01	Background	25.58	11.46	0.41	0.00
6	A12	Background	25.58	22.66	0.35	0.00
6	B01	Unassigned	25.58	39.08	8.42	0.00
6	B02	1.RBM102R.Colon.ASO.3-4m	25.58	17.94	5.96	0.00
6	B03	1.RBM102R.Colon.ASO.3-4m	25.58	48.76	12.19	0.00
6	B04	1.RBM102R.Colon.ASO.3-4m	25.58	57.37	19.32	0.00
6	B05	1.RBM102R.Colon.ASO.3-4m	25.58	43.90	8.14	0.00
6	B06	1.RBM102R.Colon.ASO.3-4m	25.58	90.28	14.81	0.00
6	C01	Unassigned	25.58	55.01	11.94	0.00
6	C02	2.RBM102B.Colon.WT.3-4m	25.58	61.09	13.90	0.00
6	C03	2.RBM102B.Colon.WT.3-4m	25.58	78.13	40.22	0.00
6	C04	2.RBM102B.Colon.WT.3-4m	25.58	55.32	17.12	0.00
6	C05	2.RBM102B.Colon.WT.3-4m	25.58	69.02	21.40	0.00
6	C06	2.RBM102B.Colon.WT.3-4m	25.58	68.61	23.00	0.00
6	D01	3.RBM103R.Colon.ASO.3-4m	25.58	43.33	13.81	0.00
6	D02	3.RBM103R.Colon.ASO.3-4m	25.58	60.62	22.77	0.00
6	D03	3.RBM103R.Colon.ASO.3-4m	25.58	61.85	27.84	0.00
6	D04	3.RBM103R.Colon.ASO.3-4m	25.58	71.47	25.86	0.00
6	D05	3.RBM103R.Colon.ASO.3-4m	25.58	49.91	23.31	0.00
6	D06	3.RBM103R.Colon.ASO.3-4m	25.58	81.47	20.35	0.00
6	E01	4.RBM103L.Colon.WT.2-3m	25.58	35.36	4.12	0.00
6	E02	4.RBM103L.Colon.WT.2-3m	25.58	40.36	4.72	0.00
6	E03	4.RBM103L.Colon.WT.2-3m	25.58	35.17	9.43	0.00
6	E04	4.RBM103L.Colon.WT.2-3m	25.58	31.00	9.94	0.00
6	E05	4.RBM103L.Colon.WT.2-3m	25.58	30.30	10.48	0.00
6	E06	4.RBM103L.Colon.WT.2-3m	25.58	39.10	8.10	0.00
6	F01	5.RBM106B.Colon.WT.1-2m	25.58	33.54	1.44	0.00
6	F02	5.RBM106B.Colon.WT.1-2m	25.58	53.25	16.55	0.00
6	F03	5.RBM106B.Colon.WT.1-2m	25.58	44.59	15.27	0.00
6	F04	5.RBM106B.Colon.WT.1-2m	25.58	58.93	12.38	0.00
6	F05	5.RBM106B.Colon.WT.1-2m	25.58	61.41	26.79	0.00
6	F06	5.RBM106B.Colon.WT.1-2m	25.58	36.16	13.35	0.00
6	G01	6.RBM107R.Colon.ASO.1-2m	25.58	62.48	20.44	0.00
6	G02	6.RBM107R.Colon.ASO.1-2m	25.58	50.48	15.14	0.00
6	G03	6.RBM107R.Colon.ASO.1-2m	25.58	67.66	29.86	0.00
6	G04	6.RBM107R.Colon.ASO.1-2m	25.58	42.18	20.09	0.00
6	G05	6.RBM107R.Colon.ASO.1-2m	25.58	44.78	13.11	0.00
6	G06	6.RBM107R.Colon.ASO.1-2m	25.58	70.83	15.90	0.00
6	H01	Background	25.58	29.12	1.63	0.00
6	H12	Background	25.58	15.09	0.31	0.00
7	A01	Background	30.60	12.56	-3.98	0.00
7	A12	Background	30.60	24.16	0.43	0.00
7	B01	Unassigned	30.60	47.13	11.98	0.00
7	B02	1.RBM102R.Colon.ASO.3-4m	30.60	31.90	5.65	0.00
7	B03	1.RBM102R.Colon.ASO.3-4m	30.60	58.29	13.56	0.00
7	B04	1.RBM102R.Colon.ASO.3-4m	30.60	64.18	19.20	0.00
7	B05	1.RBM102R.Colon.ASO.3-4m	30.60	51.66	10.61	0.00
7	B06	1.RBM102R.Colon.ASO.3-4m	30.60	56.91	18.09	0.00
7	C01	Unassigned	30.60	116.36	22.91	0.00
7	C02	2.RBM102B.Colon.WT.3-4m	30.60	181.67	25.49	0.00
7	C03	2.RBM102B.Colon.WT.3-4m	30.60	217.90	45.84	0.00
7	C04	2.RBM102B.Colon.WT.3-4m	30.60	95.43	17.70	0.00
7	C05	2.RBM102B.Colon.WT.3-4m	30.60	69.30	19.15	0.00
7	C06	2.RBM102B.Colon.WT.3-4m	30.60	270.69	31.81	0.00
7	D01	3.RBM103R.Colon.ASO.3-4m	30.60	79.63	25.86	0.00
7	D02	3.RBM103R.Colon.ASO.3-4m	30.60	182.94	30.00	0.00
7	D03	3.RBM103R.Colon.ASO.3-4m	30.60	109.89	27.67	0.00
7	D04	3.RBM103R.Colon.ASO.3-4m	30.60	142.13	41.27	0.00
7	D05	3.RBM103R.Colon.ASO.3-4m	30.60	113.81	28.25	0.00
7	D06	3.RBM103R.Colon.ASO.3-4m	30.60	163.19	27.87	0.00
7	E01	4.RBM103L.Colon.WT.2-3m	30.60	49.07	7.77	0.00
7	E02	4.RBM103L.Colon.WT.2-3m	30.60	61.60	7.18	0.00
7	E03	4.RBM103L.Colon.WT.2-3m	30.60	65.37	18.76	0.00
7	E04	4.RBM103L.Colon.WT.2-3m	30.60	56.81	12.89	0.00
7	E05	4.RBM103L.Colon.WT.2-3m	30.60	69.48	14.68	0.00
7	E06	4.RBM103L.Colon.WT.2-3m	30.60	45.41	8.79	0.00
7	F01	5.RBM106B.Colon.WT.1-2m	30.60	34.07	1.26	0.00
7	F02	5.RBM106B.Colon.WT.1-2m	30.60	58.90	16.37	0.00
7	F03	5.RBM106B.Colon.WT.1-2m	30.60	33.56	16.62	0.00
7	F04	5.RBM106B.Colon.WT.1-2m	30.60	32.13	3.24	0.00
7	F05	5.RBM106B.Colon.WT.1-2m	30.60	74.58	29.46	0.00
7	F06	5.RBM106B.Colon.WT.1-2m	30.60	41.66	6.70	0.00
7	G01	6.RBM107R.Colon.ASO.1-2m	30.60	207.74	30.26	0.00
7	G02	6.RBM107R.Colon.ASO.1-2m	30.60	142.34	24.89	0.00
7	G03	6.RBM107R.Colon.ASO.1-2m	30.60	372.95	52.77	0.00
7	G04	6.RBM107R.Colon.ASO.1-2m	30.60	90.94	22.47	0.00
7	G05	6.RBM107R.Colon.ASO.1-2m	30.60	106.74	21.76	0.00
7	G06	6.RBM107R.Colon.ASO.1-2m	30.60	153.68	38.13	0.00
7	H01	Background	30.60	25.91	0.83	0.00
7	H12	Background	30.60	17.93	1.10	0.00
8	A01	Background	35.45	13.53	-1.73	0.00
8	A12	Background	35.45	25.82	0.19	0.00
8	B01	Unassigned	35.45	45.79	11.72	0.00
8	B02	1.RBM102R.Colon.ASO.3-4m	35.45	29.59	5.12	0.00
8	B03	1.RBM102R.Colon.ASO.3-4m	35.45	59.92	15.66	0.00
8	B04	1.RBM102R.Colon.ASO.3-4m	35.45	65.15	17.03	0.00
8	B05	1.RBM102R.Colon.ASO.3-4m	35.45	52.63	9.46	0.00
8	B06	1.RBM102R.Colon.ASO.3-4m	35.45	51.61	16.46	0.00
8	C01	Unassigned	35.45	105.58	19.76	0.00
8	C02	2.RBM102B.Colon.WT.3-4m	35.45	161.57	23.21	0.00
8	C03	2.RBM102B.Colon.WT.3-4m	35.45	199.96	41.64	0.00
8	C04	2.RBM102B.Colon.WT.3-4m	35.45	86.11	16.25	0.00
8	C05	2.RBM102B.Colon.WT.3-4m	35.45	67.04	17.89	0.00
8	C06	2.RBM102B.Colon.WT.3-4m	35.45	227.85	30.87	0.00
8	D01	3.RBM103R.Colon.ASO.3-4m	35.45	77.87	23.70	0.00
8	D02	3.RBM103R.Colon.ASO.3-4m	35.45	151.96	26.25	0.00
8	D03	3.RBM103R.Colon.ASO.3-4m	35.45	107.62	25.33	0.00
8	D04	3.RBM103R.Colon.ASO.3-4m	35.45	141.27	39.60	0.00
8	D05	3.RBM103R.Colon.ASO.3-4m	35.45	100.94	26.05	0.00
8	D06	3.RBM103R.Colon.ASO.3-4m	35.45	139.73	22.94	0.00
8	E01	4.RBM103L.Colon.WT.2-3m	35.45	47.41	6.22	0.00
8	E02	4.RBM103L.Colon.WT.2-3m	35.45	59.18	6.55	0.00
8	E03	4.RBM103L.Colon.WT.2-3m	35.45	62.16	17.51	0.00
8	E04	4.RBM103L.Colon.WT.2-3m	35.45	51.62	10.19	0.00
8	E05	4.RBM103L.Colon.WT.2-3m	35.45	65.18	13.33	0.00
8	E06	4.RBM103L.Colon.WT.2-3m	35.45	44.57	8.16	0.00
8	F01	5.RBM106B.Colon.WT.1-2m	35.45	32.88	0.57	0.00
8	F02	5.RBM106B.Colon.WT.1-2m	35.45	59.89	15.91	0.00
8	F03	5.RBM106B.Colon.WT.1-2m	35.45	32.91	14.64	0.00
8	F04	5.RBM106B.Colon.WT.1-2m	35.45	26.47	8.62	0.00
8	F05	5.RBM106B.Colon.WT.1-2m	35.45	66.57	27.29	0.00
8	F06	5.RBM106B.Colon.WT.1-2m	35.45	43.44	14.51	0.00
8	G01	6.RBM107R.Colon.ASO.1-2m	35.45	187.42	29.13	0.00
8	G02	6.RBM107R.Colon.ASO.1-2m	35.45	129.72	23.14	0.00
8	G03	6.RBM107R.Colon.ASO.1-2m	35.45	328.64	48.53	0.00
8	G04	6.RBM107R.Colon.ASO.1-2m	35.45	86.01	20.78	0.00
8	G05	6.RBM107R.Colon.ASO.1-2m	35.45	99.22	18.58	0.00
8	G06	6.RBM107R.Colon.ASO.1-2m	35.45	151.34	39.16	0.00
8	H01	Background	35.45	34.02	-48.72	0.00
8	H12	Background	35.45	22.08	1.61	0.00
9	A01	Background	40.47	13.58	0.38	0.00
9	A12	Background	40.47	27.89	0.06	0.00
9	B01	Unassigned	40.47	64.98	9.11	0.00
9	B02	1.RBM102R.Colon.ASO.3-4m	40.47	29.61	5.03	0.00
9	B03	1.RBM102R.Colon.ASO.3-4m	40.47	56.73	17.15	0.00
9	B04	1.RBM102R.Colon.ASO.3-4m	40.47	59.19	15.79	0.00
9	B05	1.RBM102R.Colon.ASO.3-4m	40.47	53.74	10.22	0.00
9	B06	1.RBM102R.Colon.ASO.3-4m	40.47	54.20	16.52	0.00
9	C01	Unassigned	40.47	95.67	16.79	0.00
9	C02	2.RBM102B.Colon.WT.3-4m	40.47	102.13	18.48	0.00
9	C03	2.RBM102B.Colon.WT.3-4m	40.47	166.16	42.06	0.00
9	C04	2.RBM102B.Colon.WT.3-4m	40.47	96.60	18.27	0.00
9	C05	2.RBM102B.Colon.WT.3-4m	40.47	122.57	22.26	0.00
9	C06	2.RBM102B.Colon.WT.3-4m	40.47	192.76	30.71	0.00
9	D01	3.RBM103R.Colon.ASO.3-4m	40.47	85.91	25.02	0.00
9	D02	3.RBM103R.Colon.ASO.3-4m	40.47	92.93	13.63	0.00
9	D03	3.RBM103R.Colon.ASO.3-4m	40.47	80.84	18.49	0.00
9	D04	3.RBM103R.Colon.ASO.3-4m	40.47	175.42	40.06	0.00
9	D05	3.RBM103R.Colon.ASO.3-4m	40.47	73.03	18.06	0.00
9	D06	3.RBM103R.Colon.ASO.3-4m	40.47	121.41	20.01	0.00
9	E01	4.RBM103L.Colon.WT.2-3m	40.47	47.66	7.25	0.00
9	E02	4.RBM103L.Colon.WT.2-3m	40.47	60.41	6.07	0.00
9	E03	4.RBM103L.Colon.WT.2-3m	40.47	48.85	11.04	0.00
9	E04	4.RBM103L.Colon.WT.2-3m	40.47	82.14	18.74	0.00
9	E05	4.RBM103L.Colon.WT.2-3m	40.47	45.44	10.39	0.00
9	E06	4.RBM103L.Colon.WT.2-3m	40.47	46.59	8.92	0.00
9	F01	5.RBM106B.Colon.WT.1-2m	40.47	35.77	1.08	0.00
9	F02	5.RBM106B.Colon.WT.1-2m	40.47	70.70	17.02	0.00
9	F03	5.RBM106B.Colon.WT.1-2m	40.47	52.39	13.79	0.00
9	F04	5.RBM106B.Colon.WT.1-2m	40.47	56.46	18.78	0.00
9	F05	5.RBM106B.Colon.WT.1-2m	40.47	94.54	31.97	0.00
9	F06	5.RBM106B.Colon.WT.1-2m	40.47	41.79	7.81	0.00
9	G01	6.RBM107R.Colon.ASO.1-2m	40.47	142.81	27.32	0.00
9	G02	6.RBM107R.Colon.ASO.1-2m	40.47	87.63	19.71	0.00
9	G03	6.RBM107R.Colon.ASO.1-2m	40.47	223.06	44.87	0.00
9	G04	6.RBM107R.Colon.ASO.1-2m	40.47	93.58	23.94	0.00
9	G05	6.RBM107R.Colon.ASO.1-2m	40.47	78.97	15.14	0.00
9	G06	6.RBM107R.Colon.ASO.1-2m	40.47	128.52	38.45	0.00
9	H01	Background	40.47	36.09	1.07	0.00
9	H12	Background	40.47	19.67	0.87	0.00
10	A01	Background	45.33	14.59	-0.06	0.00
10	A12	Background	45.33	31.85	0.82	0.00
10	B01	Unassigned	45.33	41.75	7.79	0.00
10	B02	1.RBM102R.Colon.ASO.3-4m	45.33	27.51	4.39	0.00
10	B03	1.RBM102R.Colon.ASO.3-4m	45.33	54.17	14.48	0.00
10	B04	1.RBM102R.Colon.ASO.3-4m	45.33	56.29	13.83	0.00
10	B05	1.RBM102R.Colon.ASO.3-4m	45.33	51.32	9.36	0.00
10	B06	1.RBM102R.Colon.ASO.3-4m	45.33	52.69	15.23	0.00
10	C01	Unassigned	45.33	87.59	15.57	0.00
10	C02	2.RBM102B.Colon.WT.3-4m	45.33	95.01	16.85	0.00
10	C03	2.RBM102B.Colon.WT.3-4m	45.33	104.17	37.03	0.00
10	C04	2.RBM102B.Colon.WT.3-4m	45.33	87.80	16.41	0.00
10	C05	2.RBM102B.Colon.WT.3-4m	45.33	112.49	19.88	0.00
10	C06	2.RBM102B.Colon.WT.3-4m	45.33	167.95	28.57	0.00
10	D01	3.RBM103R.Colon.ASO.3-4m	45.33	81.44	22.72	0.00
10	D02	3.RBM103R.Colon.ASO.3-4m	45.33	79.20	12.70	0.00
10	D03	3.RBM103R.Colon.ASO.3-4m	45.33	79.07	18.69	0.00
10	D04	3.RBM103R.Colon.ASO.3-4m	45.33	145.42	37.68	0.00
10	D05	3.RBM103R.Colon.ASO.3-4m	45.33	67.84	17.07	0.00
10	D06	3.RBM103R.Colon.ASO.3-4m	45.33	105.76	18.53	0.00
10	E01	4.RBM103L.Colon.WT.2-3m	45.33	48.08	6.07	0.00
10	E02	4.RBM103L.Colon.WT.2-3m	45.33	61.66	5.67	0.00
10	E03	4.RBM103L.Colon.WT.2-3m	45.33	47.85	10.72	0.00
10	E04	4.RBM103L.Colon.WT.2-3m	45.33	45.79	1.29	0.00
10	E05	4.RBM103L.Colon.WT.2-3m	45.33	47.69	10.12	0.00
10	E06	4.RBM103L.Colon.WT.2-3m	45.33	44.54	8.32	0.00
10	F01	5.RBM106B.Colon.WT.1-2m	45.33	37.65	1.51	0.00
10	F02	5.RBM106B.Colon.WT.1-2m	45.33	66.92	16.20	0.00
10	F03	5.RBM106B.Colon.WT.1-2m	45.33	46.90	12.61	0.00
10	F04	5.RBM106B.Colon.WT.1-2m	45.33	42.45	16.65	0.00
10	F05	5.RBM106B.Colon.WT.1-2m	45.33	84.03	29.86	0.00
10	F06	5.RBM106B.Colon.WT.1-2m	45.33	43.27	15.71	0.00
10	G01	6.RBM107R.Colon.ASO.1-2m	45.33	131.90	24.46	0.00
10	G02	6.RBM107R.Colon.ASO.1-2m	45.33	82.74	18.65	0.00
10	G03	6.RBM107R.Colon.ASO.1-2m	45.33	215.81	42.42	0.00
10	G04	6.RBM107R.Colon.ASO.1-2m	45.33	86.87	21.89	0.00
10	G05	6.RBM107R.Colon.ASO.1-2m	45.33	71.63	13.48	0.00
10	G06	6.RBM107R.Colon.ASO.1-2m	45.33	138.23	38.32	0.00
10	H01	Background	45.33	35.44	1.41	0.00
10	H12	Background	45.33	17.57	1.51	0.00
11	A01	Background	50.35	17.20	-0.16	0.00
11	A12	Background	50.35	34.53	0.62	0.00
11	B01	Unassigned	50.35	25.92	4.79	0.00
11	B02	1.RBM102R.Colon.ASO.3-4m	50.35	5.90	1.63	0.00
11	B03	1.RBM102R.Colon.ASO.3-4m	50.35	43.62	4.79	0.00
11	B04	1.RBM102R.Colon.ASO.3-4m	50.35	47.82	6.44	0.00
11	B05	1.RBM102R.Colon.ASO.3-4m	50.35	36.78	5.32	0.00
11	B06	1.RBM102R.Colon.ASO.3-4m	50.35	28.08	6.53	0.00
11	C01	Unassigned	50.35	24.35	8.57	0.00
11	C02	2.RBM102B.Colon.WT.3-4m	50.35	17.51	3.89	0.00
11	C03	2.RBM102B.Colon.WT.3-4m	50.35	43.99	15.08	0.00
11	C04	2.RBM102B.Colon.WT.3-4m	50.35	22.07	6.92	0.00
11	C05	2.RBM102B.Colon.WT.3-4m	50.35	34.31	7.95	0.00
11	C06	2.RBM102B.Colon.WT.3-4m	50.35	28.23	13.48	0.00
11	D01	3.RBM103R.Colon.ASO.3-4m	50.35	37.62	10.73	0.00
11	D02	3.RBM103R.Colon.ASO.3-4m	50.35	21.89	6.33	0.00
11	D03	3.RBM103R.Colon.ASO.3-4m	50.35	43.19	9.91	0.00
11	D04	3.RBM103R.Colon.ASO.3-4m	50.35	44.62	13.76	0.00
11	D05	3.RBM103R.Colon.ASO.3-4m	50.35	40.84	7.05	0.00
11	D06	3.RBM103R.Colon.ASO.3-4m	50.35	24.90	8.53	0.00
11	E01	4.RBM103L.Colon.WT.2-3m	50.35	43.73	3.57	0.00
11	E02	4.RBM103L.Colon.WT.2-3m	50.35	36.97	2.91	0.00
11	E03	4.RBM103L.Colon.WT.2-3m	50.35	33.44	6.25	0.00
11	E04	4.RBM103L.Colon.WT.2-3m	50.35	21.13	8.10	0.00
11	E05	4.RBM103L.Colon.WT.2-3m	50.35	13.40	5.07	0.00
11	E06	4.RBM103L.Colon.WT.2-3m	50.35	44.99	5.37	0.00
11	F01	5.RBM106B.Colon.WT.1-2m	50.35	38.70	0.86	0.00
11	F02	5.RBM106B.Colon.WT.1-2m	50.35	43.50	5.20	0.00
11	F03	5.RBM106B.Colon.WT.1-2m	50.35	18.08	7.60	0.00
11	F04	5.RBM106B.Colon.WT.1-2m	50.35	18.98	7.92	0.00
11	F05	5.RBM106B.Colon.WT.1-2m	50.35	34.94	15.75	0.00
11	F06	5.RBM106B.Colon.WT.1-2m	50.35	37.55	4.96	0.00
11	G01	6.RBM107R.Colon.ASO.1-2m	50.35	30.25	11.55	0.00
11	G02	6.RBM107R.Colon.ASO.1-2m	50.35	45.10	8.59	0.00
11	G03	6.RBM107R.Colon.ASO.1-2m	50.35	30.82	20.26	0.00
11	G04	6.RBM107R.Colon.ASO.1-2m	50.35	59.32	8.72	0.00
11	G05	6.RBM107R.Colon.ASO.1-2m	50.35	34.62	7.66	0.00
11	G06	6.RBM107R.Colon.ASO.1-2m	50.35	51.93	17.87	0.00
11	H01	Background	50.35	35.02	0.54	0.00
11	H12	Background	50.35	21.04	1.48	0.00
12	A01	Background	55.22	15.87	0.40	0.00
12	A12	Background	55.22	39.56	0.32	0.00
12	B01	Unassigned	55.22	26.42	5.04	0.00
12	B02	1.RBM102R.Colon.ASO.3-4m	55.22	6.12	1.59	0.00
12	B03	1.RBM102R.Colon.ASO.3-4m	55.22	50.75	5.72	0.00
12	B04	1.RBM102R.Colon.ASO.3-4m	55.22	5.30	-4.26	0.00
12	B05	1.RBM102R.Colon.ASO.3-4m	55.22	37.17	3.70	0.00
12	B06	1.RBM102R.Colon.ASO.3-4m	55.22	26.19	5.72	0.00
12	C01	Unassigned	55.22	24.50	6.58	0.00
12	C02	2.RBM102B.Colon.WT.3-4m	55.22	20.65	3.27	0.00
12	C03	2.RBM102B.Colon.WT.3-4m	55.22	36.62	12.58	0.00
12	C04	2.RBM102B.Colon.WT.3-4m	55.22	21.70	6.09	0.00
12	C05	2.RBM102B.Colon.WT.3-4m	55.22	28.27	7.48	0.00
12	C06	2.RBM102B.Colon.WT.3-4m	55.22	24.26	9.61	0.00
12	D01	3.RBM103R.Colon.ASO.3-4m	55.22	40.56	8.63	0.00
12	D02	3.RBM103R.Colon.ASO.3-4m	55.22	22.37	5.37	0.00
12	D03	3.RBM103R.Colon.ASO.3-4m	55.22	41.67	9.40	0.00
12	D04	3.RBM103R.Colon.ASO.3-4m	55.22	38.43	14.68	0.00
12	D05	3.RBM103R.Colon.ASO.3-4m	55.22	40.37	5.84	0.00
12	D06	3.RBM103R.Colon.ASO.3-4m	55.22	21.03	7.10	0.00
12	E01	4.RBM103L.Colon.WT.2-3m	55.22	39.32	3.15	0.00
12	E02	4.RBM103L.Colon.WT.2-3m	55.22	14.47	2.21	0.00
12	E03	4.RBM103L.Colon.WT.2-3m	55.22	33.49	6.40	0.00
12	E04	4.RBM103L.Colon.WT.2-3m	55.22	21.37	7.77	0.00
12	E05	4.RBM103L.Colon.WT.2-3m	55.22	18.21	4.41	0.00
12	E06	4.RBM103L.Colon.WT.2-3m	55.22	40.67	4.80	0.00
12	F01	5.RBM106B.Colon.WT.1-2m	55.22	37.17	0.44	0.00
12	F02	5.RBM106B.Colon.WT.1-2m	55.22	41.37	5.65	0.00
12	F03	5.RBM106B.Colon.WT.1-2m	55.22	17.87	7.89	0.00
12	F04	5.RBM106B.Colon.WT.1-2m	55.22	21.60	7.47	0.00
12	F05	5.RBM106B.Colon.WT.1-2m	55.22	32.55	15.54	0.00
12	F06	5.RBM106B.Colon.WT.1-2m	55.22	34.32	6.73	0.00
12	G01	6.RBM107R.Colon.ASO.1-2m	55.22	30.44	10.95	0.00
12	G02	6.RBM107R.Colon.ASO.1-2m	55.22	42.83	8.03	0.00
12	G03	6.RBM107R.Colon.ASO.1-2m	55.22	29.33	18.27	0.00
12	G04	6.RBM107R.Colon.ASO.1-2m	55.22	57.75	7.43	0.00
12	G05	6.RBM107R.Colon.ASO.1-2m	55.22	34.91	5.33	0.00
12	G06	6.RBM107R.Colon.ASO.1-2m	55.22	44.31	15.19	0.00
12	H01	Background	55.22	35.47	1.17	0.00
12	H12	Background	55.22	2.78	2.24	0.00
13	A01	Background	60.08	17.68	0.21	0.00
13	A12	Background	60.08	33.53	-0.38	0.00
13	B01	Unassigned	60.08	26.24	4.78	0.00
13	B02	1.RBM102R.Colon.ASO.3-4m	60.08	5.49	0.85	0.00
13	B03	1.RBM102R.Colon.ASO.3-4m	60.08	50.60	4.74	0.00
13	B04	1.RBM102R.Colon.ASO.3-4m	60.08	23.00	5.11	0.00
13	B05	1.RBM102R.Colon.ASO.3-4m	60.08	36.46	4.26	0.00
13	B06	1.RBM102R.Colon.ASO.3-4m	60.08	24.04	4.96	0.00
13	C01	Unassigned	60.08	23.71	6.30	0.00
13	C02	2.RBM102B.Colon.WT.3-4m	60.08	22.68	2.06	0.00
13	C03	2.RBM102B.Colon.WT.3-4m	60.08	38.90	10.84	0.00
13	C04	2.RBM102B.Colon.WT.3-4m	60.08	20.06	5.05	0.00
13	C05	2.RBM102B.Colon.WT.3-4m	60.08	28.37	5.92	0.00
13	C06	2.RBM102B.Colon.WT.3-4m	60.08	26.88	8.09	0.00
13	D01	3.RBM103R.Colon.ASO.3-4m	60.08	37.02	8.92	0.00
13	D02	3.RBM103R.Colon.ASO.3-4m	60.08	21.89	5.45	0.00
13	D03	3.RBM103R.Colon.ASO.3-4m	60.08	41.04	8.34	0.00
13	D04	3.RBM103R.Colon.ASO.3-4m	60.08	29.57	15.06	0.00
13	D05	3.RBM103R.Colon.ASO.3-4m	60.08	38.76	7.07	0.00
13	D06	3.RBM103R.Colon.ASO.3-4m	60.08	23.24	5.98	0.00
13	E01	4.RBM103L.Colon.WT.2-3m	60.08	46.11	3.12	0.00
13	E02	4.RBM103L.Colon.WT.2-3m	60.08	23.83	2.91	0.00
13	E03	4.RBM103L.Colon.WT.2-3m	60.08	34.32	5.42	0.00
13	E04	4.RBM103L.Colon.WT.2-3m	60.08	22.09	6.77	0.00
13	E05	4.RBM103L.Colon.WT.2-3m	60.08	16.84	4.58	0.00
13	E06	4.RBM103L.Colon.WT.2-3m	60.08	39.25	4.18	0.00
13	F01	5.RBM106B.Colon.WT.1-2m	60.08	38.71	0.34	0.00
13	F02	5.RBM106B.Colon.WT.1-2m	60.08	40.89	7.10	0.00
13	F03	5.RBM106B.Colon.WT.1-2m	60.08	20.19	7.35	0.00
13	F04	5.RBM106B.Colon.WT.1-2m	60.08	26.36	7.39	0.00
13	F05	5.RBM106B.Colon.WT.1-2m	60.08	32.88	14.32	0.00
13	F06	5.RBM106B.Colon.WT.1-2m	60.08	32.76	8.25	0.00
13	G01	6.RBM107R.Colon.ASO.1-2m	60.08	34.05	9.65	0.00
13	G02	6.RBM107R.Colon.ASO.1-2m	60.08	48.51	7.51	0.00
13	G03	6.RBM107R.Colon.ASO.1-2m	60.08	21.35	16.00	0.00
13	G04	6.RBM107R.Colon.ASO.1-2m	60.08	56.86	11.47	0.00
13	G05	6.RBM107R.Colon.ASO.1-2m	60.08	35.37	5.77	0.00
13	G06	6.RBM107R.Colon.ASO.1-2m	60.08	45.86	13.74	0.00
13	H01	Background	60.08	36.52	1.18	0.00
13	H12	Background	60.08	12.29	2.22	0.00
14	A01	Background	64.95	19.78	-0.52	0.00
14	A12	Background	64.95	40.42	0.35	0.00
14	B01	Unassigned	64.95	28.43	5.41	0.00
14	B02	1.RBM102R.Colon.ASO.3-4m	64.95	4.99	-2.76	0.00
14	B03	1.RBM102R.Colon.ASO.3-4m	64.95	87.08	4.56	0.00
14	B04	1.RBM102R.Colon.ASO.3-4m	64.95	24.54	4.57	0.00
14	B05	1.RBM102R.Colon.ASO.3-4m	64.95	35.02	3.49	0.00
14	B06	1.RBM102R.Colon.ASO.3-4m	64.95	23.20	3.85	0.00
14	C01	Unassigned	64.95	24.68	5.32	0.00
14	C02	2.RBM102B.Colon.WT.3-4m	64.95	21.36	3.47	0.00
14	C03	2.RBM102B.Colon.WT.3-4m	64.95	42.25	9.66	0.00
14	C04	2.RBM102B.Colon.WT.3-4m	64.95	20.71	5.04	0.00
14	C05	2.RBM102B.Colon.WT.3-4m	64.95	27.57	5.76	0.00
14	C06	2.RBM102B.Colon.WT.3-4m	64.95	27.14	7.03	0.00
14	D01	3.RBM103R.Colon.ASO.3-4m	64.95	39.51	7.61	0.00
14	D02	3.RBM103R.Colon.ASO.3-4m	64.95	22.44	4.69	0.00
14	D03	3.RBM103R.Colon.ASO.3-4m	64.95	41.04	7.33	0.00
14	D04	3.RBM103R.Colon.ASO.3-4m	64.95	29.90	18.87	0.00
14	D05	3.RBM103R.Colon.ASO.3-4m	64.95	37.47	6.60	0.00
14	D06	3.RBM103R.Colon.ASO.3-4m	64.95	52.34	5.65	0.00
14	E01	4.RBM103L.Colon.WT.2-3m	64.95	33.11	2.81	0.00
14	E02	4.RBM103L.Colon.WT.2-3m	64.95	29.09	2.36	0.00
14	E03	4.RBM103L.Colon.WT.2-3m	64.95	36.59	5.05	0.00
14	E04	4.RBM103L.Colon.WT.2-3m	64.95	22.92	6.39	0.00
14	E05	4.RBM103L.Colon.WT.2-3m	64.95	16.20	4.01	0.00
14	E06	4.RBM103L.Colon.WT.2-3m	64.95	37.00	3.74	0.00
14	F01	5.RBM106B.Colon.WT.1-2m	64.95	37.67	0.62	0.00
14	F02	5.RBM106B.Colon.WT.1-2m	64.95	42.63	5.58	0.00
14	F03	5.RBM106B.Colon.WT.1-2m	64.95	19.62	7.18	0.00
14	F04	5.RBM106B.Colon.WT.1-2m	64.95	29.47	7.57	0.00
14	F05	5.RBM106B.Colon.WT.1-2m	64.95	35.12	13.79	0.00
14	F06	5.RBM106B.Colon.WT.1-2m	64.95	32.20	7.35	0.00
14	G01	6.RBM107R.Colon.ASO.1-2m	64.95	37.30	8.38	0.00
14	G02	6.RBM107R.Colon.ASO.1-2m	64.95	39.72	7.38	0.00
14	G03	6.RBM107R.Colon.ASO.1-2m	64.95	23.62	14.23	0.00
14	G04	6.RBM107R.Colon.ASO.1-2m	64.95	40.43	7.57	0.00
14	G05	6.RBM107R.Colon.ASO.1-2m	64.95	37.84	4.54	0.00
14	G06	6.RBM107R.Colon.ASO.1-2m	64.95	42.92	13.97	0.00
14	H01	Background	64.95	41.64	10.26	0.00
14	H12	Background	64.95	15.50	2.92	0.00
